Ticker,Date,Open,High,Low,Close,Volume
TTH,10/26/2016,6.423813,7.007796,6.423813,7.007796,1213400
TTH,10/27/2016,7.708576,7.708576,7.202457,7.708576,1800300
TTH,10/28/2016,8.448287,8.448287,7.942169,8.448287,2455000
TTH,10/31/2016,8.448287,8.448287,7.630711,7.630711,964400
TTH,11/1/2016,6.890999,6.890999,6.890999,6.890999,176800
TTH,11/2/2016,6.229152,6.229152,6.229152,6.229152,2200
TTH,11/3/2016,5.606237,5.606237,5.606237,5.606237,11000
TTH,11/4/2016,5.061186,5.061186,5.061186,5.061186,321100
TTH,11/7/2016,4.555068,4.555068,4.555068,4.555068,338400
TTH,11/8/2016,4.126813,4.126813,4.126813,4.126813,55500
TTH,11/9/2016,3.737491,4.477203,3.737491,4.477203,2943100
TTH,11/10/2016,4.632932,4.905457,4.048949,4.516135,408000
TTH,11/11/2016,4.555068,4.555068,4.087881,4.087881,158400
TTH,11/14/2016,3.698559,3.737491,3.698559,3.698559,257100
TTH,11/15/2016,3.348169,3.503898,3.348169,3.348169,196200
TTH,11/16/2016,3.036712,3.036712,3.036712,3.036712,127100
TTH,11/17/2016,2.764186,3.309237,2.764186,3.153508,805200
TTH,11/18/2016,3.114576,3.192441,2.919915,3.114576,218100
TTH,11/21/2016,2.919915,3.426033,2.919915,3.426033,280600
TTH,11/22/2016,3.737491,3.737491,3.659627,3.737491,460300
TTH,11/23/2016,4.048949,4.087881,3.659627,3.89322,946400
TTH,11/24/2016,3.89322,4.010016,3.698559,3.815356,309100
TTH,11/25/2016,3.815356,3.89322,3.737491,3.815356,215500
TTH,11/28/2016,3.815356,3.89322,3.698559,3.737491,203100
TTH,11/29/2016,3.698559,3.737491,3.387101,3.426033,390200
TTH,11/30/2016,3.464966,3.54283,3.387101,3.54283,96100
TTH,12/1/2016,3.659627,3.659627,3.426033,3.503898,123400
TTH,12/2/2016,3.426033,3.503898,3.426033,3.464966,69600
TTH,12/5/2016,3.464966,3.620695,3.426033,3.581762,118700
TTH,12/6/2016,3.54283,3.620695,3.503898,3.581762,110300
TTH,12/7/2016,3.464966,3.581762,3.426033,3.464966,49900
TTH,12/8/2016,3.503898,3.503898,3.348169,3.426033,137200
TTH,12/9/2016,3.348169,3.503898,3.348169,3.464966,77300
TTH,12/12/2016,3.503898,3.776423,3.503898,3.737491,194900
TTH,12/13/2016,3.737491,3.776423,3.659627,3.659627,108400
TTH,12/14/2016,3.659627,3.659627,3.426033,3.503898,105900
TTH,12/15/2016,3.503898,3.659627,3.464966,3.503898,95600
TTH,12/16/2016,3.503898,3.737491,3.464966,3.581762,160300
TTH,12/19/2016,3.659627,3.659627,3.464966,3.464966,146500
TTH,12/20/2016,3.464966,3.581762,3.426033,3.464966,79300
TTH,12/21/2016,3.698559,3.776423,3.464966,3.54283,66400
TTH,12/22/2016,3.503898,3.503898,3.464966,3.503898,68700
TTH,12/23/2016,3.426033,3.659627,3.426033,3.54283,314700
TTH,12/26/2016,3.581762,3.581762,3.426033,3.464966,82000
TTH,12/27/2016,3.426033,3.54283,3.387101,3.464966,101600
TTH,12/28/2016,3.566871,3.566871,3.46496,3.46496,30600
TTH,12/29/2016,3.46496,3.46496,3.159229,3.36305,121800
TTH,12/30/2016,3.312094,3.414005,3.312094,3.414005,97000
TTH,1/3/2017,3.312094,3.566871,3.312094,3.515916,92900
TTH,1/4/2017,3.515916,3.515916,3.414005,3.515916,118600
TTH,1/5/2017,3.46496,3.515916,3.36305,3.515916,114500
TTH,1/6/2017,3.414005,3.515916,3.36305,3.414005,77000
TTH,1/9/2017,3.414005,3.46496,3.36305,3.414005,53800
TTH,1/10/2017,3.414005,3.414005,3.312094,3.312094,54200
TTH,1/11/2017,3.312094,3.36305,3.261139,3.261139,58800
TTH,1/12/2017,3.261139,3.312094,3.210184,3.312094,65800
TTH,1/13/2017,3.312094,3.36305,3.261139,3.261139,26600
TTH,1/16/2017,3.261139,3.261139,3.159229,3.159229,30300
TTH,1/17/2017,3.210184,3.261139,3.159229,3.210184,11300
TTH,1/18/2017,3.210184,3.261139,3.057318,3.261139,74100
TTH,1/19/2017,3.210184,3.210184,3.057318,3.159229,43500
TTH,1/20/2017,3.210184,3.261139,3.057318,3.159229,83700
TTH,1/23/2017,3.108273,3.159229,3.108273,3.108273,9600
TTH,1/24/2017,3.108273,3.108273,2.955407,3.006363,118400
TTH,1/25/2017,2.955407,3.006363,2.853497,2.955407,98700
TTH,2/2/2017,3.006363,3.159229,3.006363,3.108273,61200
TTH,2/3/2017,3.108273,3.108273,3.057318,3.108273,79400
TTH,2/6/2017,3.108273,3.159229,3.006363,3.057318,121200
TTH,2/7/2017,3.057318,3.057318,2.904452,3.006363,134900
TTH,2/8/2017,3.006363,3.006363,2.853497,2.904452,106200
TTH,2/9/2017,2.904452,3.159229,2.904452,3.159229,226100
TTH,2/10/2017,3.312094,3.46496,3.261139,3.36305,376600
TTH,2/13/2017,3.46496,3.46496,3.210184,3.261139,107400
TTH,2/14/2017,3.261139,3.312094,3.210184,3.312094,171800
TTH,2/15/2017,3.312094,3.414005,3.312094,3.312094,186100
TTH,2/16/2017,3.312094,3.312094,3.261139,3.261139,133000
TTH,2/17/2017,3.312094,3.312094,3.159229,3.159229,181900
TTH,2/20/2017,3.211017,3.211017,3.055645,3.159227,202300
TTH,2/21/2017,3.159227,3.46997,3.003855,3.46997,432800
TTH,2/22/2017,3.728923,3.780714,3.728923,3.780714,65300
TTH,2/23/2017,4.143248,4.143248,3.625342,4.091457,1080600
TTH,2/24/2017,4.091457,4.143248,3.884295,3.884295,415700
TTH,2/27/2017,3.884295,3.987876,3.832505,3.936086,314200
TTH,2/28/2017,3.936086,4.195039,3.884295,3.987876,434000
TTH,3/1/2017,4.039667,4.246829,3.987876,4.091457,855600
TTH,3/2/2017,4.143248,4.143248,3.987876,3.987876,255600
TTH,3/3/2017,3.884295,3.987876,3.832505,3.832505,406500
TTH,3/6/2017,3.780714,3.832505,3.677133,3.728923,394100
TTH,3/7/2017,3.728923,3.884295,3.625342,3.780714,387400
TTH,3/8/2017,3.780714,3.936086,3.728923,3.728923,213800
TTH,3/9/2017,3.728923,3.780714,3.728923,3.728923,234500
TTH,3/10/2017,3.728923,3.884295,3.728923,3.728923,352400
TTH,3/13/2017,3.728923,3.780714,3.677133,3.728923,310600
TTH,3/14/2017,3.728923,3.780714,3.677133,3.677133,116200
TTH,3/15/2017,3.728923,3.780714,3.677133,3.728923,179300
TTH,3/16/2017,3.780714,3.780714,3.728923,3.728923,214600
TTH,3/17/2017,3.728923,3.780714,3.728923,3.780714,94800
TTH,3/20/2017,3.780714,3.936086,3.780714,3.780714,416800
TTH,3/21/2017,3.780714,3.832505,3.780714,3.780714,261400
TTH,3/22/2017,3.780714,3.832505,3.780714,3.780714,167200
TTH,3/23/2017,3.832505,3.884295,3.780714,3.884295,224000
TTH,3/24/2017,3.884295,4.246829,3.780714,4.246829,997300
TTH,3/27/2017,4.402201,4.661154,4.29862,4.661154,487500
TTH,3/28/2017,5.023688,5.127269,4.764735,4.816526,693800
TTH,3/29/2017,4.816526,4.920107,4.609364,4.712945,779000
TTH,3/30/2017,4.661154,5.127269,4.661154,4.764735,290000
TTH,3/31/2017,4.816526,4.868316,4.712945,4.816526,389500
TTH,4/3/2017,4.816526,4.816526,4.661154,4.816526,397700
TTH,4/4/2017,4.920107,5.282641,4.816526,5.230851,417400
TTH,4/5/2017,5.282641,5.748756,5.282641,5.748756,448900
TTH,4/7/2017,6.318453,6.318453,6.0595,6.214872,1642700
TTH,4/10/2017,6.370244,6.370244,5.593385,5.593385,714200
TTH,4/11/2017,5.438013,5.800547,5.127269,5.127269,316100
TTH,4/12/2017,4.971898,5.17906,4.764735,4.868316,629700
TTH,4/13/2017,4.764735,5.334432,4.764735,5.17906,510900
TTH,4/14/2017,5.17906,5.282641,4.868316,5.075479,193700
TTH,4/17/2017,5.075479,5.075479,4.764735,4.816526,327600
TTH,4/18/2017,4.816526,4.816526,4.35041,4.35041,838100
TTH,4/19/2017,4.195039,4.712945,4.195039,4.661154,211200
TTH,4/20/2017,4.661154,4.661154,4.453991,4.609364,125800
TTH,4/21/2017,4.557573,4.661154,4.453991,4.661154,219000
TTH,4/24/2017,4.712945,4.712945,4.557573,4.712945,169300
TTH,4/25/2017,4.764735,4.764735,4.661154,4.712945,120000
TTH,4/26/2017,4.712945,4.712945,4.609364,4.609364,227900
TTH,4/27/2017,4.609364,4.609364,4.557573,4.609364,312100
TTH,4/28/2017,4.557573,4.609364,4.505782,4.557573,165000
TTH,5/3/2017,4.557573,4.868316,4.557573,4.868316,324700
TTH,5/4/2017,4.868316,5.023688,4.816526,4.971898,150400
TTH,5/5/2017,4.971898,4.971898,4.764735,4.868316,191100
TTH,5/8/2017,4.920107,4.971898,4.712945,4.712945,269600
TTH,5/9/2017,4.712945,4.764735,4.609364,4.712945,116700
TTH,5/10/2017,4.661154,4.661154,4.557573,4.609364,94000
TTH,5/11/2017,4.661154,4.764735,4.557573,4.557573,82400
TTH,5/12/2017,4.609364,4.661154,4.609364,4.661154,53600
TTH,5/15/2017,4.661154,4.661154,4.557573,4.609364,109400
TTH,5/16/2017,4.609364,4.609364,4.505782,4.557573,177700
TTH,5/17/2017,4.557573,4.557573,4.505782,4.557573,102200
TTH,5/18/2017,4.505782,4.505782,4.143248,4.402201,299700
TTH,5/19/2017,4.402201,4.453991,4.35041,4.402201,135100
TTH,5/22/2017,4.35041,4.402201,4.246829,4.402201,58800
TTH,5/23/2017,4.505782,4.505782,4.246829,4.29862,81100
TTH,5/24/2017,4.35041,4.402201,4.246829,4.29862,42200
TTH,5/25/2017,4.35041,4.35041,4.246829,4.29862,47900
TTH,5/26/2017,4.402201,4.453991,4.246829,4.246829,188200
TTH,5/29/2017,4.246829,4.35041,4.246829,4.246829,42400
TTH,5/30/2017,4.246829,4.35041,4.246829,4.29862,98700
TTH,5/31/2017,4.29862,4.453991,4.29862,4.453991,128900
TTH,6/1/2017,4.453991,4.609364,4.453991,4.557573,175100
TTH,6/2/2017,4.609364,4.609364,4.453991,4.505782,108600
TTH,6/5/2017,4.505782,4.505782,4.35041,4.402201,68300
TTH,6/6/2017,4.402201,4.402201,4.29862,4.402201,16700
TTH,6/7/2017,4.402201,4.453991,4.29862,4.29862,58600
TTH,6/8/2017,4.29862,4.29862,4.246829,4.246829,104800
TTH,6/9/2017,4.246829,4.29862,4.246829,4.29862,27800
TTH,6/12/2017,4.246829,4.35041,4.246829,4.35041,64300
TTH,6/13/2017,4.35041,4.35041,4.246829,4.29862,42800
TTH,6/14/2017,4.29862,4.29862,4.246829,4.246829,38900
TTH,6/15/2017,4.246829,4.29862,4.246829,4.29862,33000
TTH,6/16/2017,4.29862,4.29862,4.246829,4.246829,28200
TTH,6/19/2017,4.246829,4.35041,4.246829,4.35041,34300
TTH,6/20/2017,4.35041,4.764735,4.35041,4.764735,1034500
TTH,6/21/2017,4.971898,4.971898,4.557573,4.557573,235000
TTH,6/22/2017,4.609364,4.712945,4.609364,4.609364,96000
TTH,6/23/2017,4.609364,4.609364,4.246829,4.402201,132100
TTH,6/26/2017,4.402201,4.402201,4.246829,4.29862,255300
TTH,6/27/2017,4.29862,4.402201,4.29862,4.29862,112100
TTH,6/28/2017,4.35041,4.35041,4.29862,4.29862,72500
TTH,6/29/2017,4.29862,4.29862,4.246829,4.29862,98100
TTH,6/30/2017,4.246829,4.402201,4.246829,4.35041,153600
TTH,7/3/2017,4.35041,4.402201,4.246829,4.402201,82100
TTH,7/4/2017,4.402201,4.453991,4.35041,4.402201,86800
TTH,7/5/2017,4.35041,4.402201,4.29862,4.402201,143500
TTH,7/6/2017,4.35041,4.557573,4.35041,4.557573,306700
TTH,7/7/2017,4.557573,4.557573,4.453991,4.453991,95100
TTH,7/10/2017,4.402201,4.453991,4.35041,4.453991,109600
TTH,7/11/2017,4.402201,4.453991,4.35041,4.453991,117100
TTH,7/12/2017,4.402201,4.453991,4.35041,4.453991,266400
TTH,7/13/2017,4.402201,4.505782,4.402201,4.402201,140300
TTH,7/14/2017,4.402201,4.453991,4.35041,4.453991,84000
TTH,7/17/2017,4.453991,4.453991,4.402201,4.453991,120900
TTH,7/18/2017,4.453991,4.505782,4.402201,4.453991,119900
TTH,7/19/2017,4.453991,4.505782,4.453991,4.453991,117600
TTH,7/20/2017,4.505782,4.661154,4.453991,4.609364,284600
TTH,7/21/2017,4.609364,4.609364,4.505782,4.505782,146000
TTH,7/24/2017,4.505782,4.609364,4.453991,4.609364,221600
TTH,7/25/2017,4.609364,4.971898,4.557573,4.816526,283500
TTH,7/26/2017,4.816526,4.971898,4.816526,4.971898,487600
TTH,7/27/2017,5.023688,5.438013,5.023688,5.438013,705800
TTH,7/28/2017,5.696966,5.955919,5.282641,5.334432,467100
TTH,7/31/2017,5.282641,5.852338,5.282641,5.541594,760900
TTH,8/1/2017,5.645175,5.645175,5.386222,5.386222,288000
TTH,8/2/2017,5.386222,5.541594,5.334432,5.489804,207400
TTH,8/3/2017,5.334432,5.489804,5.334432,5.489804,189600
TTH,8/4/2017,5.334432,5.593385,5.334432,5.541594,186100
TTH,8/7/2017,5.438013,5.593385,5.438013,5.489804,255600
TTH,8/8/2017,5.489804,5.541594,4.971898,4.971898,217600
TTH,8/9/2017,4.661154,5.386222,4.661154,5.17906,478700
TTH,8/10/2017,4.868316,5.282641,4.868316,5.17906,129300
TTH,8/11/2017,5.17906,5.230851,5.127269,5.17906,129300
TTH,8/14/2017,4.920107,5.438013,4.920107,5.282641,139800
TTH,8/15/2017,5.282641,5.438013,5.282641,5.334432,148100
TTH,8/16/2017,5.334432,5.438013,5.282641,5.438013,143400
TTH,8/17/2017,5.282641,5.438013,4.920107,5.282641,324100
TTH,8/18/2017,5.230851,5.334432,5.17906,5.334432,168000
TTH,8/21/2017,5.282641,5.386222,5.282641,5.386222,94200
TTH,8/22/2017,5.386222,5.438013,5.386222,5.438013,113900
TTH,8/23/2017,5.386222,5.955919,5.386222,5.904129,450300
TTH,8/24/2017,5.696966,6.111291,5.696966,5.955919,188400
TTH,8/25/2017,5.748756,5.748756,5.541594,5.541594,98300
TTH,8/28/2017,5.541594,5.645175,5.438013,5.541594,105400
TTH,8/29/2017,5.438013,5.696966,5.438013,5.541594,105500
TTH,8/30/2017,5.696966,5.696966,5.438013,5.593385,98500
TTH,8/31/2017,5.593385,5.696966,5.489804,5.645175,102900
TTH,9/1/2017,5.541594,5.696966,5.541594,5.696966,68100
TTH,9/5/2017,5.696966,5.955919,5.696966,5.955919,297800
TTH,9/6/2017,6.111291,6.525616,6.111291,6.525616,1334600
TTH,9/7/2017,6.525616,6.784569,6.318453,6.422034,665800
TTH,9/8/2017,6.473825,6.473825,6.111291,6.370244,320400
TTH,9/11/2017,6.370244,6.422034,5.955919,5.955919,313500
TTH,9/12/2017,6.00771,6.214872,6.00771,6.163081,160100
TTH,9/13/2017,6.214872,6.266663,6.163081,6.214872,256100
TTH,9/14/2017,6.163081,6.214872,6.00771,6.214872,214500
TTH,9/15/2017,6.266663,6.318453,6.163081,6.318453,312600
TTH,9/18/2017,6.318453,6.318453,6.111291,6.163081,179900
TTH,9/19/2017,6.214872,6.370244,6.163081,6.318453,181200
TTH,9/20/2017,6.214872,6.318453,6.214872,6.318453,123000
TTH,9/21/2017,6.318453,6.318453,6.214872,6.266663,201400
TTH,9/22/2017,6.266663,6.836359,6.163081,6.836359,575600
TTH,9/25/2017,6.836366,6.836366,6.400002,6.545457,282100
TTH,9/26/2017,6.545457,6.690912,6.400002,6.545457,149300
TTH,9/27/2017,6.545457,6.545457,5.890911,6.254548,254800
TTH,9/28/2017,6.18182,6.254548,5.818184,5.963639,135000
TTH,9/29/2017,5.963639,5.963639,5.745457,5.745457,228800
TTH,10/2/2017,5.745457,5.890911,5.672729,5.890911,155100
TTH,10/3/2017,5.818184,5.890911,5.745457,5.890911,294800
TTH,10/4/2017,5.745457,5.963639,5.745457,5.963639,212500
TTH,10/5/2017,5.890911,6.545457,5.890911,6.545457,330100
TTH,10/6/2017,6.545457,6.909093,6.327275,6.763639,411200
TTH,10/9/2017,6.690912,6.690912,6.109093,6.109093,509600
TTH,10/10/2017,6.109093,6.18182,5.963639,6.109093,210100
TTH,10/11/2017,5.963639,6.109093,5.890911,6.109093,169600
TTH,10/12/2017,5.963639,6.036366,5.890911,5.963639,115600
TTH,10/13/2017,5.890911,5.963639,5.818184,5.963639,107200
TTH,10/16/2017,5.963639,6.036366,5.890911,5.890911,115800
TTH,10/17/2017,5.963639,6.036366,5.890911,5.890911,125500
TTH,10/18/2017,5.818184,5.963639,5.818184,5.963639,122900
TTH,10/19/2017,5.890911,5.890911,5.672729,5.672729,196000
TTH,10/20/2017,5.672729,5.745457,5.600002,5.600002,124000
TTH,10/23/2017,5.600002,5.600002,5.236366,5.309093,223800
TTH,10/24/2017,5.309093,5.454547,5.163638,5.38182,61900
TTH,10/25/2017,5.236366,5.527275,5.236366,5.527275,101100
TTH,10/26/2017,5.38182,5.454547,5.236366,5.309093,139600
TTH,10/27/2017,5.236366,5.309093,5.163638,5.309093,86700
TTH,10/30/2017,5.309093,5.454547,5.309093,5.309093,37600
TTH,10/31/2017,5.163638,5.38182,5.090911,5.163638,69300
TTH,11/1/2017,5.163638,5.163638,5.018184,5.163638,146200
TTH,11/2/2017,5.090911,5.090911,5.018184,5.090911,96700
TTH,11/3/2017,5.018184,5.090911,4.945457,5.090911,43200
TTH,11/6/2017,5.090911,5.309093,5.018184,5.090911,57700
TTH,11/7/2017,5.163638,5.163638,5.018184,5.090911,33100
TTH,11/8/2017,5.090911,5.090911,5.018184,5.090911,25300
TTH,11/9/2017,5.018184,5.163638,4.945457,5.090911,37600
TTH,11/10/2017,5.090911,5.090911,4.872729,5.090911,67100
TTH,11/13/2017,4.945457,5.018184,4.727274,4.945457,149100
TTH,11/14/2017,4.945457,5.018184,4.872729,4.945457,51000
TTH,11/15/2017,4.872729,4.945457,4.872729,4.945457,1000
TTH,11/16/2017,4.872729,4.945457,4.727274,4.872729,26100
TTH,11/17/2017,4.727274,4.945457,4.58182,4.945457,41000
TTH,11/20/2017,4.800002,4.945457,4.727274,4.945457,6100
TTH,11/21/2017,4.945457,4.945457,4.727274,4.727274,35000
TTH,11/22/2017,4.654547,4.727274,4.509093,4.58182,58200
TTH,11/23/2017,4.654547,4.654547,4.363638,4.509093,97700
TTH,11/24/2017,4.509093,4.654547,4.363638,4.654547,90800
TTH,11/27/2017,4.58182,4.654547,4.363638,4.436365,131900
TTH,11/28/2017,4.436365,4.654547,4.363638,4.654547,53300
TTH,11/29/2017,4.509093,4.654547,4.436365,4.509093,46800
TTH,11/30/2017,4.509093,4.58182,4.436365,4.509093,41500
TTH,12/1/2017,4.436365,4.509093,4.436365,4.509093,49100
TTH,12/4/2017,4.509093,4.509093,4.363638,4.363638,74800
TTH,12/5/2017,4.363638,4.509093,4.363638,4.509093,107700
TTH,12/6/2017,4.436365,4.509093,4.363638,4.363638,50300
TTH,12/7/2017,4.436365,4.436365,4.363638,4.436365,47300
TTH,12/8/2017,4.509093,4.509093,4.290911,4.436365,68600
TTH,12/11/2017,4.436365,4.436365,4.000001,4.000001,406200
TTH,12/12/2017,4.000001,4.000001,3.636365,4.000001,438600
TTH,12/13/2017,4.000001,4.000001,3.709092,3.927274,40000
TTH,12/14/2017,3.78182,3.854547,3.709092,3.709092,48300
TTH,12/15/2017,3.709092,3.78182,3.636365,3.709092,124700
TTH,12/18/2017,3.709092,3.709092,3.636365,3.709092,64800
TTH,12/19/2017,3.636365,3.709092,3.563638,3.709092,88300
TTH,12/20/2017,3.709092,3.709092,3.636365,3.709092,33700
TTH,12/21/2017,3.636365,3.709092,3.636365,3.636365,95900
TTH,12/22/2017,3.636365,3.709092,3.636365,3.709092,62100
TTH,12/25/2017,3.709092,3.854547,3.636365,3.78182,71200
TTH,12/26/2017,3.78182,3.854547,3.709092,3.78182,107800
TTH,12/27/2017,3.78182,3.854547,3.709092,3.78182,74200
TTH,12/28/2017,3.709092,3.78182,3.709092,3.78182,41400
TTH,12/29/2017,3.709092,3.709092,3.636365,3.636365,52000
TTH,1/2/2018,3.709092,3.78182,3.636365,3.709092,58300
TTH,1/3/2018,3.636365,3.709092,3.563638,3.636365,139100
TTH,1/4/2018,3.636365,3.636365,3.49091,3.563638,140900
TTH,1/5/2018,3.636365,3.636365,3.418183,3.563638,115400
TTH,1/8/2018,3.563638,3.636365,3.563638,3.636365,41100
TTH,1/9/2018,3.563638,3.563638,3.49091,3.563638,42600
TTH,1/10/2018,3.563638,3.563638,3.418183,3.418183,104400
TTH,1/11/2018,3.49091,3.49091,3.418183,3.49091,61000
TTH,1/12/2018,3.49091,3.563638,3.418183,3.49091,42600
TTH,1/15/2018,3.49091,3.563638,3.345456,3.49091,124800
TTH,1/16/2018,3.418183,3.418183,3.345456,3.345456,36300
TTH,1/17/2018,3.345456,3.418183,3.200001,3.272728,94700
TTH,1/18/2018,3.272728,3.272728,3.200001,3.272728,46900
TTH,1/19/2018,3.272728,3.563638,3.272728,3.563638,167200
TTH,1/22/2018,3.563638,3.854547,3.563638,3.709092,232300
TTH,1/23/2018,3.709092,3.709092,3.563638,3.636365,57500
TTH,1/24/2018,3.49091,3.636365,3.49091,3.636365,13600
TTH,1/25/2018,3.636365,3.636365,3.345456,3.49091,66500
TTH,1/26/2018,3.418183,3.49091,3.345456,3.418183,24200
TTH,1/29/2018,3.418183,3.418183,3.200001,3.418183,58600
TTH,1/30/2018,3.345456,3.49091,3.272728,3.49091,46200
TTH,1/31/2018,3.418183,3.418183,3.272728,3.345456,45500
TTH,2/1/2018,3.418183,3.636365,3.418183,3.49091,198000
TTH,2/2/2018,3.49091,3.563638,3.418183,3.563638,66900
TTH,2/5/2018,3.563638,3.563638,3.418183,3.418183,60400
TTH,2/6/2018,3.418183,3.418183,3.127274,3.272728,103600
TTH,2/7/2018,3.418183,3.418183,3.345456,3.418183,53200
TTH,2/8/2018,3.418183,3.49091,3.345456,3.49091,28100
TTH,2/9/2018,3.345456,3.418183,3.272728,3.418183,19300
TTH,2/12/2018,3.418183,3.418183,3.345456,3.418183,10700
TTH,2/13/2018,3.345456,3.418183,3.127274,3.418183,266300
TTH,2/21/2018,3.272728,3.272728,3.127274,3.272728,123100
TTH,2/22/2018,3.272728,3.345456,3.272728,3.345456,15800
TTH,2/23/2018,3.272728,3.272728,3.200001,3.200001,72500
TTH,2/26/2018,3.054547,3.200001,3.054547,3.200001,31700
TTH,2/27/2018,3.127274,3.200001,3.127274,3.200001,16700
TTH,2/28/2018,3.127274,3.200001,3.127274,3.127274,28700
TTH,3/1/2018,3.127274,3.127274,3.054547,3.054547,39600
TTH,3/2/2018,3.054547,3.054547,2.981819,2.981819,100900
TTH,3/5/2018,2.981819,3.054547,2.981819,2.981819,25000
TTH,3/6/2018,2.909092,3.127274,2.909092,3.127274,59700
TTH,3/7/2018,3.127274,3.127274,2.981819,3.127274,34100
TTH,3/8/2018,3.127274,3.127274,3.054547,3.127274,13500
TTH,3/9/2018,3.054547,3.200001,3.054547,3.200001,107400
TTH,3/12/2018,3.272728,3.272728,3.127274,3.200001,23900
TTH,3/13/2018,3.127274,3.272728,3.127274,3.272728,56300
TTH,3/14/2018,3.272728,3.272728,3.127274,3.200001,94600
TTH,3/15/2018,3.200001,3.200001,3.127274,3.200001,22800
TTH,3/16/2018,3.200001,3.200001,3.127274,3.200001,26000
TTH,3/19/2018,3.127274,3.345456,3.127274,3.345456,149100
TTH,3/20/2018,3.345456,3.345456,3.200001,3.272728,38300
TTH,3/21/2018,3.272728,3.272728,3.200001,3.272728,15000
TTH,3/22/2018,3.272728,3.272728,3.127274,3.200001,79800
TTH,3/23/2018,3.200001,3.200001,3.054547,3.127274,44300
TTH,3/26/2018,3.127274,3.127274,2.981819,3.127274,53500
TTH,3/27/2018,3.054547,3.127274,3.054547,3.127274,55200
TTH,3/28/2018,3.200001,3.272728,3.127274,3.272728,82000
TTH,3/29/2018,3.127274,3.200001,3.127274,3.200001,6400
TTH,3/30/2018,3.127274,3.200001,3.127274,3.127274,34900
TTH,4/2/2018,3.200001,3.418183,3.200001,3.200001,89000
TTH,4/3/2018,3.272728,3.272728,3.127274,3.200001,11400
TTH,4/4/2018,3.200001,3.200001,3.127274,3.200001,49100
TTH,4/5/2018,3.200001,3.418183,3.127274,3.345456,176000
TTH,4/6/2018,3.345456,3.563638,3.345456,3.418183,176100
TTH,4/9/2018,3.418183,3.563638,3.345456,3.49091,98400
TTH,4/10/2018,3.49091,3.49091,3.272728,3.272728,154300
TTH,4/11/2018,3.272728,3.345456,3.200001,3.200001,56600
TTH,4/12/2018,3.200001,3.272728,3.127274,3.200001,187600
TTH,4/13/2018,3.200001,3.200001,3.127274,3.200001,173900
TTH,4/16/2018,3.200001,3.49091,3.200001,3.418183,95100
TTH,4/17/2018,3.418183,3.49091,3.345456,3.345456,78800
TTH,4/18/2018,3.345456,3.418183,3.345456,3.418183,40400
TTH,4/19/2018,3.418183,3.418183,3.272728,3.345456,37100
TTH,4/20/2018,3.272728,3.345456,3.200001,3.345456,79500
TTH,4/23/2018,3.345456,3.345456,3.200001,3.272728,122100
TTH,4/24/2018,3.200001,3.272728,3.200001,3.272728,14000
TTH,4/26/2018,3.272728,3.272728,3.200001,3.200001,118800
TTH,4/27/2018,3.200001,3.272728,3.200001,3.272728,62900
TTH,5/2/2018,3.200001,3.272728,3.200001,3.272728,74200
TTH,5/3/2018,3.200001,3.272728,3.200001,3.272728,44600
TTH,5/4/2018,3.272728,3.272728,3.200001,3.272728,21300
TTH,5/7/2018,3.272728,3.272728,3.200001,3.272728,46500
TTH,5/8/2018,3.272728,3.272728,3.200001,3.272728,50000
TTH,5/9/2018,3.272728,3.345456,3.272728,3.345456,188800
TTH,5/10/2018,3.345456,3.418183,3.345456,3.345456,92700
TTH,5/11/2018,3.345456,3.636365,3.345456,3.636365,248700
TTH,5/14/2018,3.636365,4.000001,3.636365,3.78182,515700
TTH,5/15/2018,3.854547,3.854547,3.636365,3.78182,227800
TTH,5/16/2018,3.636365,3.709092,3.563638,3.636365,93500
TTH,5/17/2018,3.636365,3.927274,3.49091,3.927274,189700
TTH,5/18/2018,4.000001,4.000001,3.709092,3.854547,168700
TTH,5/21/2018,3.854547,4.000001,3.709092,3.709092,173900
TTH,5/22/2018,3.709092,3.78182,3.345456,3.345456,554800
TTH,5/23/2018,3.272728,3.49091,3.272728,3.272728,360900
TTH,5/24/2018,3.272728,3.563638,3.272728,3.345456,61900
TTH,5/25/2018,3.418183,3.418183,3.272728,3.272728,105000
TTH,5/28/2018,3.272728,3.272728,3.054547,3.272728,435600
TTH,5/29/2018,3.272728,3.345456,3.127274,3.345456,72500
TTH,5/30/2018,3.345456,3.345456,3.200001,3.272728,28100
TTH,5/31/2018,3.272728,3.345456,3.200001,3.345456,75300
TTH,6/1/2018,3.345456,3.418183,3.272728,3.272728,51000
TTH,6/4/2018,3.272728,3.418183,3.272728,3.345456,57300
TTH,6/5/2018,3.345456,3.418183,3.345456,3.418183,33100
TTH,6/6/2018,3.418183,3.49091,3.345456,3.49091,64500
TTH,6/7/2018,3.49091,3.563638,3.418183,3.49091,42600
TTH,6/8/2018,3.418183,3.418183,3.345456,3.418183,19800
TTH,6/11/2018,3.345456,3.418183,3.345456,3.418183,19800
TTH,6/12/2018,3.345456,3.345456,3.272728,3.345456,13100
TTH,6/13/2018,3.272728,3.345456,3.272728,3.272728,32500
TTH,6/14/2018,3.272728,3.345456,3.272728,3.345456,23300
TTH,6/15/2018,3.272728,3.345456,3.200001,3.345456,28600
TTH,6/18/2018,3.272728,3.272728,3.200001,3.272728,45100
TTH,6/19/2018,3.272728,3.272728,3.127274,3.272728,62300
TTH,6/20/2018,3.272728,3.272728,3.127274,3.272728,59500
TTH,6/21/2018,3.200001,3.272728,3.200001,3.272728,25400
TTH,6/22/2018,3.200001,3.272728,3.127274,3.272728,40500
TTH,6/25/2018,3.200001,3.200001,3.200001,3.200001,15200
TTH,6/26/2018,3.127274,3.200001,3.127274,3.200001,47200
TTH,6/27/2018,3.127274,3.272728,3.127274,3.272728,54200
TTH,6/28/2018,3.200001,3.200001,3.127274,3.200001,25000
TTH,6/29/2018,3.200001,3.200001,3.127274,3.200001,41400
TTH,7/2/2018,3.127274,3.127274,3.054547,3.127274,130100
TTH,7/3/2018,3.127274,3.127274,2.981819,3.127274,117500
TTH,7/4/2018,3.054547,3.200001,2.981819,3.200001,85600
TTH,7/5/2018,3.127274,3.127274,2.981819,3.054547,73100
TTH,7/6/2018,2.981819,3.054547,2.981819,3.054547,15500
TTH,7/9/2018,3.054547,3.127274,3.054547,3.127274,4300
TTH,7/10/2018,3.127274,3.127274,3.054547,3.127274,11700
TTH,7/11/2018,3.054547,3.054547,3.054547,3.054547,21000
TTH,7/12/2018,2.981819,3.054547,2.909092,3.054547,67400
TTH,7/13/2018,2.981819,2.981819,2.909092,2.981819,86600
TTH,7/16/2018,3.054547,3.054547,2.981819,2.981819,12000
TTH,7/17/2018,2.981819,3.054547,2.981819,2.981819,20800
TTH,7/18/2018,3.054547,3.200001,3.054547,3.200001,85000
TTH,7/19/2018,3.200001,3.200001,2.981819,2.981819,44300
TTH,7/20/2018,3.054547,3.054547,3.054547,3.054547,12000
TTH,7/23/2018,3.127274,3.345456,3.127274,3.272728,97800
TTH,7/24/2018,3.345456,3.345456,3.127274,3.200001,73700
TTH,7/25/2018,3.200001,3.272728,3.127274,3.200001,62100
TTH,7/26/2018,3.127274,3.200001,3.127274,3.200001,22800
TTH,7/27/2018,3.200001,3.200001,3.127274,3.200001,19500
TTH,7/30/2018,3.200001,3.272728,3.127274,3.200001,78600
TTH,7/31/2018,3.127274,3.200001,2.981819,3.127274,126400
TTH,8/1/2018,3.054547,3.200001,3.054547,3.127274,40400
TTH,8/2/2018,3.127274,3.200001,3.054547,3.127274,46600
TTH,8/3/2018,3.127274,3.127274,3.054547,3.127274,25700
TTH,8/6/2018,3.200001,3.200001,3.200001,3.200001,55800
TTH,8/7/2018,3.127274,3.200001,3.127274,3.200001,24600
TTH,8/8/2018,3.200001,3.272728,3.127274,3.200001,58100
TTH,8/9/2018,3.200001,3.200001,3.200001,3.200001,11000
TTH,8/10/2018,3.200001,3.200001,3.054547,3.200001,39900
TTH,8/13/2018,3.127274,3.200001,3.054547,3.200001,66400
TTH,8/14/2018,3.127274,3.272728,3.127274,3.272728,131900
TTH,8/15/2018,3.200001,3.272728,3.200001,3.200001,85200
TTH,8/16/2018,3.200001,3.200001,3.200001,3.200001,67300
TTH,8/17/2018,3.272728,3.418183,3.272728,3.418183,101800
TTH,8/20/2018,3.418183,3.563638,3.418183,3.563638,139800
TTH,8/21/2018,3.563638,3.563638,3.345456,3.345456,62700
TTH,8/22/2018,3.345456,3.418183,3.200001,3.345456,201700
TTH,8/23/2018,3.345456,3.345456,3.127274,3.272728,114700
TTH,8/24/2018,3.272728,3.272728,3.127274,3.272728,52900
TTH,8/27/2018,3.272728,3.272728,3.200001,3.272728,20200
TTH,8/28/2018,3.200001,3.272728,3.127274,3.272728,46500
TTH,8/29/2018,3.272728,3.272728,3.200001,3.200001,6600
TTH,8/30/2018,3.127274,3.272728,3.127274,3.200001,28600
TTH,8/31/2018,3.200001,3.272728,3.127274,3.200001,27200
TTH,9/4/2018,3.200001,3.418183,3.200001,3.345456,140500
TTH,9/5/2018,3.345456,3.418183,3.272728,3.272728,117700
TTH,9/6/2018,3.272728,3.345456,3.200001,3.345456,97600
TTH,9/7/2018,3.272728,3.272728,3.200001,3.272728,75200
TTH,9/10/2018,3.200001,3.272728,3.200001,3.200001,76400
TTH,9/11/2018,3.200001,3.272728,3.054547,3.272728,272300
TTH,9/12/2018,3.272728,3.418183,3.127274,3.345456,407300
TTH,9/13/2018,3.272728,3.418183,3.200001,3.418183,401900
TTH,9/14/2018,3.345456,3.418183,3.272728,3.345456,363700
TTH,9/17/2018,3.345456,3.418183,3.272728,3.418183,329400
TTH,9/18/2018,3.345456,3.418183,3.345456,3.345456,126900
TTH,9/19/2018,3.272728,3.345456,3.272728,3.345456,185600
TTH,9/20/2018,3.345456,3.345456,3.272728,3.345456,215400
TTH,9/21/2018,3.272728,3.345456,3.272728,3.345456,198300
TTH,9/24/2018,3.272728,3.345456,3.272728,3.272728,106400
TTH,9/25/2018,3.272728,3.345456,3.200001,3.272728,116600
TTH,9/26/2018,3.272728,3.345456,3.272728,3.272728,150400
TTH,9/27/2018,3.345456,3.418183,3.345456,3.418183,86100
TTH,9/28/2018,3.345456,3.418183,3.200001,3.200001,230200
TTH,10/1/2018,3.200001,3.200001,3.054547,3.127274,329200
TTH,10/2/2018,3.127274,3.200001,3.054547,3.127274,110500
TTH,10/3/2018,3.127274,3.127274,3.054547,3.127274,68700
TTH,10/4/2018,3.127274,3.127274,3.054547,3.054547,101700
TTH,10/5/2018,3.054547,3.200001,3.054547,3.054547,164300
TTH,10/8/2018,3.127274,3.127274,3.054547,3.054547,53800
TTH,10/9/2018,3.054547,3.127274,3.054547,3.054547,87300
TTH,10/10/2018,3.054547,3.127274,3.054547,3.054547,118400
TTH,10/11/2018,3.054547,3.054547,2.836365,2.836365,332800
TTH,10/12/2018,2.763637,2.981819,2.763637,2.909092,61200
TTH,10/15/2018,2.909092,2.981819,2.909092,2.909092,164600
TTH,10/16/2018,2.981819,2.981819,2.909092,2.981819,125600
TTH,10/17/2018,2.981819,3.127274,2.981819,3.054547,163000
TTH,10/18/2018,3.054547,3.054547,2.981819,3.054547,129500
TTH,10/19/2018,3.054547,3.054547,2.981819,3.054547,107700
TTH,10/22/2018,3.127274,3.345456,3.127274,3.345456,715700
TTH,10/23/2018,3.636365,3.636365,3.418183,3.563638,928100
TTH,10/24/2018,3.563638,3.636365,3.49091,3.563638,431800
TTH,10/25/2018,3.49091,3.49091,3.345456,3.418183,401100
TTH,10/26/2018,3.418183,3.636365,3.418183,3.418183,499800
TTH,10/29/2018,3.418183,3.49091,3.345456,3.345456,426600
TTH,10/30/2018,3.345456,3.49091,3.272728,3.345456,427800
TTH,10/31/2018,3.418183,3.49091,3.345456,3.49091,361600
TTH,11/1/2018,3.49091,3.49091,3.345456,3.418183,215300
TTH,11/2/2018,3.49091,3.563638,3.418183,3.49091,499400
TTH,11/5/2018,3.49091,3.49091,3.345456,3.345456,113900
TTH,11/6/2018,3.418183,3.563638,3.418183,3.49091,245800
TTH,11/7/2018,3.49091,3.49091,3.418183,3.49091,117700
TTH,11/8/2018,3.563638,3.78182,3.49091,3.78182,808500
TTH,11/9/2018,3.78182,3.78182,3.636365,3.709092,297300
TTH,11/12/2018,3.709092,3.854547,3.709092,3.854547,124000
TTH,11/13/2018,3.78182,4.000001,3.636365,4.000001,627300
TTH,11/14/2018,4.000001,4.363638,4.000001,4.363638,1523900
TTH,11/15/2018,4.800002,4.800002,4.290911,4.363638,609700
TTH,11/16/2018,4.290911,4.363638,4.145456,4.218184,442500
TTH,11/19/2018,4.218184,4.58182,4.145456,4.145456,561600
TTH,11/20/2018,4.145456,4.436365,4.072729,4.436365,595300
TTH,11/21/2018,4.363638,4.509093,4.290911,4.363638,552400
TTH,11/22/2018,4.363638,4.436365,4.072729,4.072729,659000
TTH,11/23/2018,4.072729,4.145456,3.854547,3.927274,575600
TTH,11/26/2018,3.854547,4.000001,3.78182,3.78182,270300
TTH,11/27/2018,3.78182,4.000001,3.709092,3.854547,335100
TTH,11/28/2018,3.854547,3.854547,3.709092,3.709092,375000
TTH,11/29/2018,3.78182,3.78182,3.49091,3.563638,734100
TTH,11/30/2018,3.49091,3.709092,3.49091,3.709092,326400
TTH,12/3/2018,3.709092,3.78182,3.563638,3.78182,477300
TTH,12/4/2018,3.78182,3.78182,3.563638,3.709092,224400
TTH,12/5/2018,3.636365,3.709092,3.563638,3.563638,205100
TTH,12/6/2018,3.563638,3.636365,3.49091,3.636365,502500
TTH,12/7/2018,3.636365,3.709092,3.636365,3.709092,301200
TTH,12/10/2018,3.709092,3.78182,3.563638,3.636365,272200
TTH,12/11/2018,3.709092,3.709092,3.563638,3.709092,251500
TTH,12/12/2018,3.709092,3.709092,3.563638,3.709092,134200
TTH,12/13/2018,3.709092,3.78182,3.636365,3.709092,100200
TTH,12/14/2018,3.709092,4.000001,3.709092,3.927274,706600
TTH,12/17/2018,3.927274,4.000001,3.78182,3.854547,392400
TTH,12/18/2018,3.78182,3.78182,3.709092,3.709092,121800
TTH,12/19/2018,3.78182,3.854547,3.636365,3.78182,187700
TTH,12/20/2018,3.709092,3.709092,3.636365,3.709092,121400
TTH,12/21/2018,3.636365,3.78182,3.636365,3.709092,100000
TTH,12/24/2018,3.709092,3.78182,3.709092,3.78182,273100
TTH,12/25/2018,3.636365,3.709092,3.49091,3.709092,457900
TTH,12/26/2018,3.636365,3.636365,3.49091,3.563638,209900
TTH,12/27/2018,3.563638,3.709092,3.49091,3.563638,301100
TTH,12/28/2018,3.563638,3.563638,3.345456,3.563638,184900
TTH,1/2/2019,3.49091,3.563638,3.418183,3.49091,49600
TTH,1/3/2019,3.49091,3.49091,3.272728,3.418183,308500
TTH,1/4/2019,3.345456,3.418183,3.272728,3.345456,107400
TTH,1/7/2019,3.418183,3.49091,3.272728,3.418183,110400
TTH,1/8/2019,3.345456,3.418183,3.272728,3.345456,153700
TTH,1/9/2019,3.345456,3.49091,3.345456,3.418183,164500
TTH,1/10/2019,3.345456,3.418183,3.345456,3.418183,110600
TTH,1/11/2019,3.345456,3.418183,3.345456,3.418183,95200
TTH,1/14/2019,3.418183,3.49091,3.345456,3.49091,152800
TTH,1/15/2019,3.418183,3.49091,3.418183,3.49091,171600
TTH,1/16/2019,3.49091,3.49091,3.345456,3.345456,79100
TTH,1/17/2019,3.418183,3.418183,3.272728,3.345456,48800
TTH,1/18/2019,3.345456,3.563638,3.272728,3.49091,529000
TTH,1/21/2019,3.78182,3.78182,3.563638,3.78182,741100
TTH,1/22/2019,3.927274,3.927274,3.636365,3.78182,496300
TTH,1/23/2019,3.709092,3.854547,3.636365,3.78182,291600
TTH,1/24/2019,3.709092,3.709092,3.636365,3.636365,403400
TTH,1/25/2019,3.636365,3.709092,3.563638,3.709092,258400
TTH,1/28/2019,3.636365,3.78182,3.636365,3.709092,162700
TTH,1/29/2019,3.709092,3.709092,3.563638,3.563638,227600
TTH,1/30/2019,3.636365,3.636365,3.563638,3.636365,218500
TTH,1/31/2019,3.636365,3.78182,3.636365,3.636365,296500
TTH,2/1/2019,3.636365,3.78182,3.636365,3.78182,259200
TTH,2/11/2019,3.854547,3.927274,3.78182,3.927274,359600
TTH,2/12/2019,3.927274,4.000001,3.854547,3.854547,556300
TTH,2/13/2019,3.854547,4.000001,3.854547,4.000001,262600
TTH,2/14/2019,4.000001,4.072729,3.854547,4.000001,288100
TTH,2/15/2019,4.000001,4.000001,3.854547,3.927274,279100
TTH,2/18/2019,3.927274,3.927274,3.78182,3.78182,421300
TTH,2/19/2019,3.78182,3.854547,3.636365,3.78182,508400
TTH,2/20/2019,3.78182,3.854547,3.709092,3.854547,338000
TTH,2/21/2019,3.854547,3.854547,3.709092,3.709092,219300
TTH,2/22/2019,3.709092,3.854547,3.709092,3.854547,294700
TTH,2/25/2019,3.854547,3.854547,3.709092,3.78182,206400
TTH,2/26/2019,3.78182,3.78182,3.709092,3.78182,317100
TTH,2/27/2019,3.854547,3.927274,3.78182,3.854547,272400
TTH,2/28/2019,3.854547,4.145456,3.854547,4.072729,1227700
TTH,3/1/2019,4.072729,4.218184,4.072729,4.218184,585800
TTH,3/4/2019,4.145456,4.290911,4.145456,4.218184,782300
TTH,3/5/2019,4.218184,4.218184,4.000001,4.072729,694500
TTH,3/6/2019,4.072729,4.072729,4.000001,4.000001,308100
TTH,3/7/2019,4.072729,4.218184,4.000001,4.072729,1321000
TTH,3/8/2019,4.072729,4.072729,3.927274,4.072729,442200
TTH,3/11/2019,4.072729,4.072729,3.927274,4.000001,318200
TTH,3/12/2019,4.000001,4.145456,4.000001,4.072729,288400
TTH,3/13/2019,4.072729,4.145456,4.000001,4.072729,615500
TTH,3/14/2019,4.072729,4.072729,4.000001,4.072729,346900
TTH,3/15/2019,4.072729,4.145456,4.072729,4.145456,526300
TTH,3/18/2019,4.145456,4.218184,4.072729,4.145456,553400
TTH,3/19/2019,4.145456,4.145456,4.072729,4.072729,368900
TTH,3/20/2019,4.072729,4.145456,3.927274,4.000001,491000
TTH,3/21/2019,4.24,4.24,4,4,341900
TTH,3/22/2019,4,4,3.84,3.84,391000
TTH,3/25/2019,3.84,3.84,3.52,3.6,672000
TTH,3/26/2019,3.6,3.68,3.6,3.6,316700
TTH,3/27/2019,3.6,3.68,3.6,3.68,320200
TTH,3/28/2019,3.68,3.68,3.52,3.52,353500
TTH,3/29/2019,3.6,3.76,3.6,3.76,749000
TTH,4/1/2019,3.76,3.92,3.76,3.84,623400
TTH,4/2/2019,3.84,3.84,3.68,3.76,549300
TTH,4/3/2019,3.76,3.76,3.6,3.68,235100
TTH,4/4/2019,3.68,3.76,3.68,3.68,227500
TTH,4/5/2019,3.68,3.76,3.68,3.76,124300
TTH,4/8/2019,3.68,3.68,3.6,3.68,338900
TTH,4/9/2019,3.68,3.68,3.6,3.6,208200
TTH,4/10/2019,3.6,3.76,3.6,3.6,250000
TTH,4/11/2019,3.6,3.68,3.52,3.6,157100
TTH,4/12/2019,3.6,3.6,3.6,3.6,103100
TTH,4/16/2019,3.68,3.92,3.6,3.92,1124600
TTH,4/17/2019,3.84,4.16,3.84,4,905500
TTH,4/18/2019,3.92,4,3.76,4,519600
TTH,4/19/2019,3.84,3.84,3.76,3.76,725400
TTH,4/22/2019,3.76,3.92,3.76,3.84,300000
TTH,4/23/2019,3.84,3.84,3.76,3.84,198000
TTH,4/24/2019,3.84,3.92,3.76,3.76,295900
TTH,4/25/2019,3.84,3.84,3.68,3.68,356000
TTH,4/26/2019,3.76,3.76,3.68,3.76,165000
TTH,5/2/2019,3.76,3.84,3.76,3.84,307300
TTH,5/3/2019,3.84,3.84,3.68,3.76,185100
TTH,5/6/2019,3.76,3.76,3.68,3.68,264400
TTH,5/7/2019,3.68,3.68,3.6,3.68,166200
TTH,5/8/2019,3.6,3.68,3.6,3.6,151600
TTH,5/9/2019,3.6,3.68,3.6,3.68,159300
TTH,5/10/2019,3.6,3.68,3.52,3.6,353400
TTH,5/13/2019,3.6,3.6,3.52,3.6,240900
TTH,5/14/2019,3.52,3.6,3.52,3.6,134800
TTH,5/15/2019,3.6,3.68,3.6,3.6,346800
TTH,5/16/2019,3.68,3.68,3.6,3.6,106200
TTH,5/17/2019,3.6,3.68,3.52,3.6,191300
TTH,5/20/2019,3.6,3.6,3.52,3.6,26500
TTH,5/21/2019,3.6,3.6,3.52,3.6,108300
TTH,5/22/2019,3.6,3.68,3.52,3.6,168200
TTH,5/23/2019,3.52,3.6,3.52,3.6,62300
TTH,5/24/2019,3.52,3.68,3.52,3.52,182800
TTH,5/27/2019,3.52,3.68,3.52,3.6,161900
TTH,5/28/2019,3.6,3.6,3.52,3.52,241900
TTH,5/29/2019,3.52,3.68,3.52,3.68,331200
TTH,5/30/2019,3.68,3.68,3.6,3.6,123200
TTH,5/31/2019,3.6,3.6,3.52,3.6,53700
TTH,6/3/2019,3.6,3.6,3.52,3.52,175300
TTH,6/4/2019,3.52,3.52,3.44,3.52,70800
TTH,6/5/2019,3.52,3.6,3.44,3.52,151900
TTH,6/6/2019,3.52,3.52,3.44,3.44,61600
TTH,6/7/2019,3.44,3.52,3.44,3.44,62900
TTH,6/10/2019,3.52,3.52,3.44,3.52,13500
TTH,6/11/2019,3.44,3.44,3.44,3.44,52900
TTH,6/12/2019,3.44,3.44,3.36,3.44,107600
TTH,6/13/2019,3.44,3.52,3.44,3.52,53600
TTH,6/14/2019,3.52,3.6,3.44,3.44,73100
TTH,6/17/2019,3.44,3.52,3.44,3.44,122300
TTH,6/18/2019,3.44,3.52,3.44,3.52,31300
TTH,6/19/2019,3.44,3.52,3.44,3.52,49500
TTH,6/20/2019,3.44,3.52,3.36,3.44,317200
TTH,6/21/2019,3.44,3.44,3.28,3.44,305800
TTH,6/24/2019,3.44,3.44,3.28,3.36,276800
TTH,6/25/2019,3.28,3.28,3.2,3.28,243000
TTH,6/26/2019,3.28,3.28,3.2,3.28,152300
TTH,6/27/2019,3.28,3.36,3.2,3.36,95400
TTH,6/28/2019,3.28,3.28,3.2,3.28,48400
TTH,7/1/2019,3.28,3.36,3.2,3.28,44000
TTH,7/2/2019,3.28,3.28,3.2,3.2,191800
TTH,7/3/2019,3.2,3.2,3.12,3.2,123000
TTH,7/4/2019,3.2,3.2,3.12,3.12,69600
TTH,7/5/2019,3.12,3.2,3.12,3.12,220300
TTH,7/8/2019,3.12,3.2,3.04,3.12,112000
TTH,7/9/2019,3.12,3.2,3.12,3.12,146100
TTH,7/10/2019,3.12,3.12,3.04,3.12,94800
TTH,7/11/2019,3.12,3.28,3.12,3.28,355900
TTH,7/12/2019,3.28,3.28,3.2,3.2,118100
TTH,7/15/2019,3.28,3.28,3.12,3.28,145200
TTH,7/16/2019,3.28,3.28,3.12,3.12,366100
TTH,7/17/2019,3.2,3.28,3.2,3.28,144900
TTH,7/18/2019,3.2,3.28,3.2,3.2,89900
TTH,7/19/2019,3.28,3.28,3.2,3.2,179000
TTH,7/22/2019,3.2,3.2,2.96,3.04,490600
TTH,7/23/2019,3.04,3.12,2.96,3.04,518900
TTH,7/24/2019,3.04,3.2,3.04,3.12,314400
TTH,7/25/2019,3.12,3.2,3.04,3.2,113000
TTH,7/26/2019,3.12,3.12,3.04,3.04,158500
TTH,7/29/2019,3.04,3.04,2.96,3.04,100500
TTH,7/30/2019,3.04,3.04,3.04,3.04,69000
TTH,7/31/2019,3.04,3.04,2.96,2.96,39600
TTH,8/1/2019,3.04,3.04,2.96,2.96,50900
TTH,8/2/2019,3.04,3.04,2.8,2.96,437500
TTH,8/5/2019,2.96,2.96,2.8,2.88,141900
TTH,8/6/2019,2.88,2.88,2.72,2.88,431000
TTH,8/7/2019,2.8,2.88,2.8,2.8,17100
TTH,8/8/2019,2.88,2.88,2.8,2.8,225600
TTH,8/9/2019,2.8,3.04,2.8,3.04,321900
TTH,8/12/2019,3.04,3.04,2.88,3.04,142800
TTH,8/13/2019,3.04,3.04,2.96,3.04,144700
TTH,8/14/2019,3.04,3.04,2.8,2.88,286500
TTH,8/15/2019,2.88,2.96,2.8,2.96,264100
TTH,8/16/2019,2.96,3.04,2.96,2.96,161700
TTH,8/19/2019,2.96,2.96,2.96,2.96,177200
TTH,8/20/2019,2.96,3.2,2.96,3.12,485000
TTH,8/21/2019,3.12,3.2,3.12,3.12,142500
TTH,8/22/2019,3.12,3.12,3.04,3.04,85800
TTH,8/23/2019,3.04,3.12,3.04,3.04,45500
TTH,8/26/2019,3.12,3.12,2.96,3.04,88800
TTH,8/27/2019,3.04,3.12,2.96,2.96,219800
TTH,8/28/2019,2.96,3.04,2.8,2.8,425400
TTH,8/29/2019,2.9,3,2.9,3,251700
TTH,8/30/2019,3,3,2.9,2.9,128000
TTH,9/3/2019,2.9,3,2.8,2.8,93000
TTH,9/4/2019,2.9,3,2.8,3,359700
TTH,9/5/2019,3.1,3.2,3,3,194200
TTH,9/6/2019,3,3,2.9,3,109300
TTH,9/9/2019,3,3,3,3,68100
TTH,9/10/2019,2.9,3,2.9,3,76900
TTH,9/11/2019,2.9,3,2.9,3,33200
TTH,9/12/2019,2.9,3,2.8,2.9,38400
TTH,9/13/2019,2.9,3,2.9,3,72600
TTH,9/16/2019,3,3,2.9,2.9,77900
TTH,9/17/2019,2.9,3,2.9,3,73200
TTH,9/18/2019,2.9,3,2.9,2.9,157800
TTH,9/19/2019,2.9,3,2.8,2.9,116900
TTH,9/20/2019,2.9,2.9,2.8,2.9,112000
TTH,9/23/2019,2.8,2.9,2.8,2.8,35600
TTH,9/24/2019,2.9,2.9,2.8,2.9,60300
TTH,9/25/2019,2.8,2.9,2.8,2.8,46800
TTH,9/26/2019,2.8,2.9,2.8,2.8,61100
TTH,9/27/2019,2.8,2.9,2.8,2.9,92100
TTH,9/30/2019,2.9,2.9,2.8,2.8,49900
TTH,10/1/2019,2.9,3,2.8,3,308300
TTH,10/2/2019,3,3,2.9,3,128400
TTH,10/3/2019,2.9,3,2.9,3,51900
TTH,10/4/2019,3,3.1,3,3,278300
TTH,10/7/2019,3,3.1,3,3,40600
TTH,10/8/2019,3,3.1,3,3.1,361700
TTH,10/9/2019,3,3,2.9,2.9,47600
TTH,10/10/2019,2.9,3,2.9,3,49600
TTH,10/11/2019,3,3,2.9,2.9,37300
TTH,10/14/2019,2.9,3,2.9,3,121300
TTH,10/15/2019,2.9,3,2.8,2.8,39300
TTH,10/16/2019,2.9,3,2.8,2.9,24100
TTH,10/17/2019,2.9,2.9,2.9,2.9,25400
TTH,10/18/2019,2.9,2.9,2.8,2.9,91900
TTH,10/21/2019,2.8,2.9,2.7,2.8,255600
TTH,10/22/2019,2.9,2.9,2.7,2.8,525400
TTH,10/23/2019,2.8,2.8,2.8,2.8,75900
TTH,10/24/2019,2.8,2.8,2.7,2.8,85400
TTH,10/25/2019,2.8,2.8,2.7,2.8,86800
TTH,10/28/2019,2.8,2.8,2.7,2.8,646100
TTH,10/29/2019,2.7,2.8,2.7,2.7,207500
TTH,10/30/2019,2.7,2.8,2.7,2.7,206800
TTH,10/31/2019,2.7,2.8,2.7,2.7,88500
TTH,11/1/2019,2.7,2.7,2.6,2.7,86400
TTH,11/4/2019,2.7,2.7,2.6,2.7,34400
TTH,11/5/2019,2.7,2.8,2.6,2.7,163800
TTH,11/6/2019,2.7,2.7,2.6,2.7,81900
TTH,11/7/2019,2.7,2.8,2.6,2.8,113300
TTH,11/8/2019,2.7,2.8,2.6,2.8,51100
TTH,11/11/2019,2.7,2.7,2.7,2.7,72900
TTH,11/12/2019,2.7,2.9,2.7,2.8,221100
TTH,11/13/2019,2.8,2.9,2.8,2.9,370100
TTH,11/14/2019,2.8,2.9,2.7,2.8,125100
TTH,11/15/2019,2.8,2.9,2.7,2.8,113800
TTH,11/18/2019,2.8,2.8,2.7,2.8,354100
TTH,11/19/2019,2.8,2.8,2.7,2.7,7200
TTH,11/20/2019,2.7,2.8,2.7,2.8,146000
TTH,11/21/2019,2.8,2.8,2.6,2.7,213900
TTH,11/22/2019,2.7,2.7,2.6,2.6,116500
TTH,11/25/2019,2.7,2.7,2.6,2.6,160900
TTH,11/26/2019,2.6,2.7,2.6,2.6,20500
TTH,11/27/2019,2.6,2.6,2.6,2.6,52100
TTH,11/28/2019,2.6,2.6,2.6,2.6,123800
TTH,11/29/2019,2.6,2.7,2.6,2.6,93600
TTH,12/2/2019,2.6,2.6,2.6,2.6,57900
TTH,12/3/2019,2.6,2.7,2.5,2.5,54100
TTH,12/4/2019,2.6,2.7,2.6,2.6,152200
TTH,12/5/2019,2.7,2.7,2.6,2.7,30300
TTH,12/6/2019,2.6,2.7,2.6,2.7,112300
TTH,12/9/2019,2.6,2.7,2.6,2.6,240000
TTH,12/10/2019,2.7,2.7,2.6,2.6,208600
TTH,12/11/2019,2.6,2.6,2.6,2.6,77700
TTH,12/12/2019,2.6,2.6,2.6,2.6,78400
TTH,12/13/2019,2.6,2.6,2.5,2.6,187300
TTH,12/16/2019,2.6,2.7,2.6,2.6,176800
TTH,12/17/2019,2.7,2.7,2.6,2.6,81400
TTH,12/18/2019,2.6,2.7,2.6,2.6,124900
TTH,12/19/2019,2.6,2.7,2.6,2.7,77300
TTH,12/20/2019,2.6,2.7,2.6,2.6,140400
TTH,12/23/2019,2.6,2.6,2.5,2.5,86500
TTH,12/24/2019,2.6,2.6,2.5,2.6,138700
TTH,12/25/2019,2.6,2.7,2.6,2.6,132800
TTH,12/26/2019,2.6,2.7,2.6,2.7,148300
TTH,12/27/2019,2.6,2.7,2.5,2.6,229200
TTH,12/30/2019,2.6,2.6,2.5,2.5,26700
TTH,12/31/2019,2.6,2.6,2.5,2.6,41100
TTH,1/2/2020,2.5,2.6,2.5,2.6,64600
TTH,1/3/2020,2.6,2.6,2.5,2.5,65300
TTH,1/6/2020,2.5,2.5,2.5,2.5,80800
TTH,1/7/2020,2.5,2.5,2.5,2.5,34800
TTH,1/8/2020,2.5,2.6,2.5,2.5,41200
TTH,1/9/2020,2.5,2.5,2.4,2.5,92900
TTH,1/10/2020,2.5,2.6,2.5,2.6,63900
TTH,1/13/2020,2.5,2.6,2.5,2.5,9200
TTH,1/14/2020,2.5,2.6,2.5,2.6,35500
TTH,1/15/2020,2.5,2.5,2.5,2.5,48400
TTH,1/16/2020,2.5,2.5,2.5,2.5,60800
TTH,1/17/2020,2.5,2.6,2.5,2.5,30700
TTH,1/20/2020,2.5,2.7,2.5,2.6,110800
TTH,1/21/2020,2.6,2.8,2.6,2.7,221200
TTH,1/22/2020,2.7,2.7,2.6,2.7,58200
TTH,1/30/2020,2.7,2.7,2.6,2.6,110300
TTH,1/31/2020,2.6,2.7,2.6,2.6,275000
TTH,2/3/2020,2.6,2.6,2.4,2.5,133300
TTH,2/4/2020,2.5,2.5,2.4,2.5,136800
TTH,2/5/2020,2.4,2.5,2.4,2.5,202400
TTH,2/6/2020,2.5,2.6,2.5,2.5,61400
TTH,2/7/2020,2.5,2.6,2.4,2.5,181200
TTH,2/10/2020,2.5,2.6,2.5,2.6,261600
TTH,2/11/2020,2.6,2.6,2.5,2.6,52500
TTH,2/12/2020,2.6,2.7,2.6,2.6,126300
TTH,2/13/2020,2.6,2.8,2.5,2.8,317000
TTH,2/14/2020,2.8,2.9,2.7,2.7,317800
TTH,2/17/2020,2.7,2.7,2.6,2.7,211300
TTH,2/18/2020,2.6,2.7,2.6,2.6,166000
TTH,2/19/2020,2.6,2.7,2.5,2.7,66300
TTH,2/20/2020,2.7,2.7,2.6,2.6,127000
TTH,2/21/2020,2.7,2.7,2.6,2.6,54900
TTH,2/24/2020,2.5,2.6,2.4,2.5,204000
TTH,2/25/2020,2.4,2.5,2.4,2.4,102900
TTH,2/26/2020,2.5,2.5,2.4,2.4,128200
TTH,2/27/2020,2.4,2.6,2.4,2.5,85100
TTH,2/28/2020,2.5,2.5,2.4,2.4,113800
TTH,3/2/2020,2.4,2.6,2.4,2.6,414000
TTH,3/3/2020,2.6,2.6,2.5,2.5,104200
TTH,3/4/2020,2.5,2.6,2.5,2.6,116300
TTH,3/5/2020,2.5,2.6,2.5,2.6,318000
TTH,3/6/2020,2.5,2.5,2.5,2.5,84300
TTH,3/9/2020,2.5,2.5,2.3,2.4,439400
TTH,3/10/2020,2.3,2.4,2.2,2.3,202300
TTH,3/11/2020,2.3,2.4,2.2,2.3,208800
TTH,3/12/2020,2.2,2.3,2.2,2.2,152300
TTH,3/13/2020,2.2,2.2,2.1,2.2,153200
TTH,3/16/2020,2.3,2.3,2.2,2.2,138700
TTH,3/17/2020,2.2,2.2,2.1,2.2,151000
TTH,3/18/2020,2.2,2.3,2.2,2.3,273200
TTH,3/19/2020,2.2,2.3,2.2,2.3,71700
TTH,3/20/2020,2.2,2.2,2.2,2.2,119700
TTH,3/23/2020,2.2,2.2,2,2,246600
TTH,3/24/2020,2,2,1.9,2,92200
TTH,3/25/2020,2,2.1,2,2,206900
TTH,3/26/2020,2,2,1.8,2,64900
TTH,3/27/2020,2,2,1.8,1.8,425000
TTH,3/30/2020,1.8,1.8,1.7,1.7,171900
TTH,3/31/2020,1.7,1.7,1.6,1.6,239300
TTH,4/1/2020,1.5,1.6,1.5,1.5,534800
TTH,4/3/2020,1.5,1.6,1.5,1.6,220300
TTH,4/6/2020,1.6,1.7,1.6,1.6,112800
TTH,4/7/2020,1.6,1.7,1.6,1.7,229700
TTH,4/8/2020,1.7,1.7,1.6,1.6,267200
TTH,4/9/2020,1.6,1.7,1.6,1.6,633000
TTH,4/10/2020,1.7,1.7,1.6,1.6,132900
TTH,4/13/2020,1.6,1.7,1.6,1.7,146800
TTH,4/14/2020,1.7,1.7,1.6,1.6,112600
TTH,4/15/2020,1.6,1.7,1.6,1.6,280500
TTH,4/16/2020,1.6,1.7,1.6,1.7,45300
TTH,4/17/2020,1.7,1.8,1.7,1.8,454100
TTH,4/20/2020,1.7,1.9,1.7,1.8,672400
TTH,4/21/2020,1.8,1.8,1.7,1.7,356000
TTH,4/22/2020,1.7,1.8,1.7,1.7,226200
TTH,4/23/2020,1.7,1.8,1.7,1.7,218900
TTH,4/24/2020,1.7,1.8,1.7,1.8,337900
TTH,4/27/2020,1.7,1.8,1.7,1.8,122100
TTH,4/28/2020,1.8,1.8,1.7,1.7,316800
TTH,4/29/2020,1.7,1.8,1.7,1.7,144500
TTH,5/4/2020,1.7,1.8,1.7,1.7,71800
TTH,5/5/2020,1.7,1.8,1.7,1.8,42200
TTH,5/6/2020,1.8,1.8,1.7,1.8,67400
TTH,5/7/2020,1.8,1.8,1.7,1.7,121100
TTH,5/8/2020,1.7,1.8,1.7,1.7,148300
TTH,5/11/2020,1.8,1.8,1.7,1.7,76700
TTH,5/12/2020,1.8,1.8,1.7,1.7,126300
TTH,5/13/2020,1.7,1.8,1.7,1.8,730200
TTH,5/14/2020,1.9,1.9,1.9,1.9,37600
TTH,5/15/2020,2,2,2,2,89300
TTH,5/18/2020,2.2,2.2,2.1,2.1,1259800
TTH,5/19/2020,2.1,2.2,2,2,487000
TTH,5/20/2020,2,2.1,2,2,83500
TTH,5/21/2020,2,2.1,1.9,1.9,210300
TTH,5/22/2020,1.9,2,1.9,2,145400
TTH,5/25/2020,2,2,1.9,2,201700
TTH,5/26/2020,1.9,2,1.9,1.9,203300
TTH,5/27/2020,1.9,2,1.9,1.9,106600
TTH,5/28/2020,1.9,2,1.9,2,118200
TTH,5/29/2020,1.9,2.1,1.9,2.1,264700
TTH,6/1/2020,2,2.3,2,2.2,565700
TTH,6/2/2020,2.3,2.3,2.1,2.3,293800
TTH,6/3/2020,2.2,2.2,2.1,2.1,325600
TTH,6/4/2020,2,2.2,2,2.1,503400
TTH,6/5/2020,2.1,2.2,2,2.1,105400
TTH,6/8/2020,2,2.2,2,2.2,155500
TTH,6/9/2020,2.2,2.3,2.1,2.2,679700
TTH,6/10/2020,2.2,2.3,2.2,2.3,362600
TTH,6/11/2020,2.3,2.5,2.3,2.3,1113500
TTH,6/12/2020,2.2,2.4,2.1,2.3,299700
TTH,6/15/2020,2.3,2.4,2.1,2.2,378500
TTH,6/16/2020,2.3,2.3,2.2,2.3,304200
TTH,6/17/2020,2.3,2.3,2.2,2.3,210300
TTH,6/18/2020,2.2,2.3,2.1,2.3,190600
TTH,6/19/2020,2.2,2.3,2.1,2.1,348400
TTH,6/22/2020,2.1,2.2,2.1,2.2,145000
TTH,6/23/2020,2.2,2.2,2.1,2.2,936900
TTH,6/24/2020,2.2,2.2,2.1,2.2,355400
TTH,6/25/2020,2.2,2.2,2.1,2.1,537700
TTH,6/26/2020,2.1,2.2,2,2,154000
TTH,6/29/2020,2,2.1,1.9,2,158900
TTH,6/30/2020,2,2,1.9,1.9,165000
TTH,7/1/2020,1.9,2,1.9,2,142500
TTH,7/2/2020,2,2,1.9,2,77800
TTH,7/3/2020,2,2,1.9,1.9,83000
TTH,7/6/2020,1.9,2,1.9,1.9,17900
TTH,7/7/2020,1.9,2,1.9,2,279300
TTH,7/8/2020,2,2.1,2,2,49800
TTH,7/9/2020,2,2,2,2,161500
TTH,7/10/2020,2,2,1.9,1.9,67300
TTH,7/13/2020,1.9,2,1.9,1.9,20500
TTH,7/14/2020,2,2,1.9,1.9,29300
TTH,7/15/2020,2,2,1.9,2,298900
TTH,7/16/2020,2,2,1.9,1.9,405300
TTH,7/17/2020,1.9,2,1.9,1.9,127800
TTH,7/20/2020,1.9,1.9,1.8,1.9,156500
TTH,7/21/2020,1.9,1.9,1.9,1.9,16000
TTH,7/22/2020,1.8,1.8,1.8,1.8,12200
TTH,7/23/2020,1.8,1.9,1.7,1.8,238600
TTH,7/24/2020,1.8,1.8,1.7,1.7,154700
TTH,7/27/2020,1.7,1.7,1.6,1.6,419700
TTH,7/28/2020,1.6,1.7,1.6,1.7,86400
TTH,7/29/2020,1.7,1.7,1.6,1.6,137500
TTH,7/30/2020,1.6,1.7,1.6,1.6,136100
TTH,7/31/2020,1.6,1.7,1.5,1.6,152100
TTH,8/3/2020,1.6,1.7,1.6,1.7,24800
TTH,8/4/2020,1.7,1.7,1.6,1.7,163300
TTH,8/5/2020,1.7,1.7,1.7,1.7,176200
TTH,8/6/2020,1.7,1.8,1.6,1.8,46700
TTH,8/7/2020,1.7,1.8,1.7,1.7,95500
TTH,8/10/2020,1.7,1.8,1.7,1.7,41800
TTH,8/11/2020,1.7,1.7,1.7,1.7,91100
TTH,8/12/2020,1.7,1.8,1.7,1.7,22200
TTH,8/13/2020,1.8,1.8,1.7,1.7,9300
TTH,8/14/2020,1.6,1.8,1.6,1.6,114300
TTH,8/17/2020,1.6,1.7,1.6,1.7,70800
TTH,8/18/2020,1.8,1.8,1.7,1.8,20500
TTH,8/19/2020,1.8,1.8,1.7,1.8,65200
TTH,8/20/2020,1.7,1.8,1.7,1.7,84500
TTH,8/21/2020,1.8,1.8,1.7,1.7,82600
TTH,8/24/2020,1.8,1.8,1.7,1.7,74200
TTH,8/25/2020,1.7,1.8,1.7,1.8,45100
TTH,8/26/2020,1.7,1.8,1.7,1.8,14200
TTH,8/27/2020,1.7,1.8,1.7,1.8,23100
TTH,8/28/2020,1.8,1.9,1.8,1.8,138700
TTH,8/31/2020,1.9,1.9,1.8,1.8,45300
TTH,9/1/2020,1.8,1.9,1.8,1.9,64400
TTH,9/3/2020,1.9,1.9,1.8,1.8,177400
TTH,9/4/2020,1.7,1.8,1.7,1.7,69100
TTH,9/7/2020,1.8,1.8,1.8,1.8,192100
TTH,9/8/2020,1.8,1.8,1.7,1.8,99700
TTH,9/9/2020,1.7,1.9,1.7,1.9,46300
TTH,9/10/2020,1.9,1.9,1.8,1.8,95200
TTH,9/11/2020,1.8,1.9,1.8,1.8,82400
TTH,9/14/2020,1.8,1.9,1.8,1.9,72600
TTH,9/15/2020,1.9,2,1.9,2,228000
TTH,9/16/2020,2,2,1.9,2,208100
TTH,9/17/2020,1.9,2,1.8,1.9,251400
TTH,9/18/2020,2,2,1.9,1.9,43800
TTH,9/21/2020,1.9,1.9,1.8,1.9,176700
TTH,9/22/2020,1.8,1.8,1.8,1.8,46000
TTH,9/23/2020,1.8,1.9,1.8,1.8,217000
TTH,9/24/2020,1.8,1.9,1.8,1.8,42700
TTH,9/25/2020,1.9,1.9,1.8,1.8,7100
TTH,9/28/2020,1.8,1.9,1.8,1.8,41900
TTH,9/29/2020,1.9,1.9,1.8,1.8,227900
TTH,9/30/2020,1.8,1.8,1.8,1.8,94300
TTH,10/1/2020,1.8,1.9,1.8,1.8,13000
TTH,10/2/2020,1.8,1.8,1.7,1.8,73700
TTH,10/5/2020,1.8,1.9,1.8,1.9,42600
TTH,10/6/2020,1.8,1.9,1.8,1.8,170300
TTH,10/7/2020,1.8,1.9,1.8,1.8,21700
TTH,10/8/2020,1.8,1.9,1.8,1.8,44900
TTH,10/9/2020,1.8,1.9,1.8,1.8,122900
TTH,10/12/2020,1.7,1.9,1.7,1.8,122700
TTH,10/13/2020,1.7,1.8,1.7,1.8,6700
TTH,10/14/2020,1.8,1.8,1.7,1.8,12600
TTH,10/15/2020,1.8,1.8,1.7,1.7,215600
TTH,10/16/2020,1.7,1.8,1.7,1.7,265800
TTH,10/19/2020,1.7,1.8,1.6,1.7,94200
TTH,10/20/2020,1.6,1.8,1.6,1.7,46200
TTH,10/21/2020,1.7,1.8,1.6,1.6,179400
TTH,10/22/2020,1.6,1.7,1.6,1.7,442500
TTH,10/23/2020,1.7,1.8,1.6,1.6,150100
TTH,10/26/2020,1.7,1.7,1.6,1.7,661800
TTH,10/27/2020,1.6,1.7,1.6,1.7,35600
TTH,10/28/2020,1.6,1.7,1.6,1.7,24700
TTH,10/29/2020,1.6,1.7,1.6,1.6,360700
TTH,10/30/2020,1.6,1.7,1.6,1.6,26500
TTH,11/2/2020,1.7,1.7,1.5,1.6,142300
TTH,11/3/2020,1.6,1.7,1.6,1.7,30700
TTH,11/4/2020,1.7,1.7,1.6,1.7,9900
TTH,11/5/2020,1.7,1.7,1.6,1.7,50800
TTH,11/6/2020,1.6,1.7,1.6,1.6,17700
TTH,11/9/2020,1.7,1.7,1.6,1.7,134400
TTH,11/10/2020,1.7,1.7,1.6,1.6,3700
TTH,11/11/2020,1.6,1.7,1.6,1.7,20000
TTH,11/12/2020,1.7,1.7,1.6,1.6,69000
TTH,11/13/2020,1.7,1.7,1.6,1.6,25400
TTH,11/16/2020,1.6,1.7,1.6,1.6,57300
TTH,11/17/2020,1.6,1.7,1.6,1.7,134900
TTH,11/18/2020,1.7,1.7,1.6,1.6,8600
TTH,11/19/2020,1.7,1.7,1.6,1.6,14900
TTH,11/20/2020,1.7,1.7,1.6,1.6,133900
TTH,11/23/2020,1.6,1.7,1.6,1.6,144100
TTH,11/24/2020,1.7,1.7,1.6,1.6,38100
TTH,11/25/2020,1.7,1.7,1.6,1.7,23500
TTH,11/26/2020,1.7,1.7,1.6,1.6,254300
TTH,11/27/2020,1.7,1.7,1.6,1.6,18000
TTH,11/30/2020,1.6,1.7,1.6,1.7,87800
TTH,12/1/2020,1.7,1.7,1.6,1.6,16200
TTH,12/2/2020,1.6,1.7,1.6,1.7,69600
TTH,12/3/2020,1.6,1.7,1.6,1.6,57200
TTH,12/4/2020,1.6,1.7,1.6,1.7,33700
TTH,12/7/2020,1.6,1.7,1.6,1.7,32100
TTH,12/8/2020,1.7,1.7,1.6,1.6,78200
TTH,12/9/2020,1.6,1.7,1.6,1.7,184000
TTH,12/10/2020,1.7,1.7,1.6,1.7,82900
TTH,12/11/2020,1.6,1.8,1.6,1.7,262200
TTH,12/14/2020,1.7,1.8,1.7,1.8,95000
TTH,12/15/2020,1.8,1.8,1.7,1.7,277100
TTH,12/16/2020,1.8,1.8,1.7,1.7,236200
TTH,12/17/2020,1.7,1.8,1.7,1.8,992100
TTH,12/18/2020,1.8,1.9,1.8,1.9,537200
TTH,12/21/2020,2,2,1.9,2,774000
TTH,12/22/2020,2.1,2.2,2.1,2.2,1038600
TTH,12/23/2020,2.3,2.4,2.1,2.1,1000200
TTH,12/24/2020,2.1,2.1,1.9,2.1,998200
TTH,12/25/2020,2.1,2.1,2,2.1,244600
TTH,12/28/2020,2.1,2.1,1.9,2,498500
TTH,12/29/2020,2,2.1,1.9,2,376300
TTH,12/30/2020,2,2.1,2,2.1,206900
TTH,12/31/2020,2.1,2.1,2,2,317800
TTH,1/4/2021,2,2.1,1.9,2.1,449400
TTH,1/5/2021,2.1,2.3,2,2.3,1366200
TTH,1/6/2021,2.4,2.4,2.2,2.3,275700
TTH,1/7/2021,2.3,2.3,2.1,2.3,835700
TTH,1/8/2021,2.2,2.3,2.1,2.1,858500
TTH,1/11/2021,2.2,2.3,2.1,2.3,814700
TTH,1/12/2021,2.3,2.4,2.2,2.3,1317600
TTH,1/13/2021,2.3,2.4,2.2,2.3,959300
TTH,1/14/2021,2.3,2.4,2.2,2.4,1113500
TTH,1/15/2021,2.4,2.6,2.4,2.6,1711600
TTH,1/18/2021,2.7,2.8,2.6,2.7,1887200
TTH,1/19/2021,2.7,2.7,2.5,2.5,1142800
TTH,1/20/2021,2.4,2.5,2.3,2.3,1618500
TTH,1/21/2021,2.4,2.5,2.3,2.5,882600
TTH,1/22/2021,2.5,2.6,2.4,2.5,1071000
TTH,1/25/2021,2.5,2.7,2.3,2.5,1728900
TTH,1/26/2021,2.5,2.6,2.4,2.4,787300
TTH,1/27/2021,2.3,2.5,2.3,2.3,1317600
TTH,1/28/2021,2.3,2.3,2.1,2.1,1779300
TTH,1/29/2021,2,2.3,1.9,2.2,952500
TTH,2/1/2021,2.2,2.2,2,2.1,665100
TTH,2/2/2021,2,2.1,1.9,2,335600
TTH,2/3/2021,2,2.2,2,2.1,535500
TTH,2/4/2021,2,2.2,2,2.1,255200
TTH,2/5/2021,2,2.2,2,2.2,366500
TTH,2/8/2021,2.2,2.2,2,2.1,341800
TTH,2/9/2021,2.1,2.1,2,2,175300
TTH,2/17/2021,2.1,2.1,2,2.1,397700
TTH,2/18/2021,2.1,2.2,2,2.1,322000
TTH,2/19/2021,2.1,2.2,2.1,2.2,94900
TTH,2/22/2021,2.1,2.2,2,2.1,389700
TTH,2/23/2021,2.1,2.2,2,2.1,675100
TTH,2/24/2021,2.1,2.3,2.1,2.2,838600
TTH,2/25/2021,2.2,2.3,2.1,2.2,145700
TTH,2/26/2021,2.2,2.2,2.1,2.2,74300
TTH,3/1/2021,2.2,2.3,2.1,2.2,728200
TTH,3/2/2021,2.2,2.4,2.2,2.4,997100
TTH,3/3/2021,2.4,2.5,2.3,2.5,440700
TTH,3/4/2021,2.5,2.5,2.3,2.4,829200
TTH,3/5/2021,2.4,2.6,2.2,2.6,2526500
TTH,3/8/2021,2.6,2.8,2.6,2.7,1787700
TTH,3/9/2021,2.7,2.7,2.5,2.7,753500
TTH,3/10/2021,2.6,2.7,2.5,2.6,1314900
TTH,3/11/2021,2.6,2.6,2.4,2.5,1322400
TTH,3/12/2021,2.4,2.6,2.4,2.5,893200
TTH,3/15/2021,2.5,2.7,2.4,2.7,1084800
TTH,3/16/2021,2.7,2.7,2.5,2.6,551700
TTH,3/17/2021,2.6,2.7,2.5,2.6,422200
TTH,3/18/2021,2.7,2.7,2.5,2.6,406300
TTH,3/19/2021,2.6,2.7,2.5,2.6,832100
TTH,3/22/2021,2.7,2.7,2.5,2.7,607400
TTH,3/23/2021,2.6,2.7,2.6,2.6,584900
TTH,3/24/2021,2.6,2.7,2.5,2.7,1072800
TTH,3/25/2021,2.7,2.9,2.7,2.9,2350800
TTH,3/26/2021,3.1,3.1,2.9,3.1,3711800
TTH,3/29/2021,3.3,3.4,3,3.1,2293500
TTH,3/30/2021,3.1,3.1,2.9,3.1,1510100
TTH,3/31/2021,3,3.1,2.9,3,1843900
TTH,4/1/2021,3,3.3,2.9,3.2,1479000
TTH,4/2/2021,3.3,3.4,3.2,3.4,1194300
TTH,4/5/2021,3.4,3.4,3.1,3.4,3360200
TTH,4/6/2021,3.4,3.7,3.2,3.7,2654200
TTH,4/7/2021,3.7,4,3.6,4,1789000
TTH,4/8/2021,4.2,4.2,3.7,3.9,2548300
TTH,4/9/2021,3.8,4,3.7,4,1371000
TTH,4/12/2021,3.9,4.4,3.9,4.4,1991500
TTH,4/13/2021,4.7,4.8,4.2,4.3,3222800
TTH,4/14/2021,4.3,4.6,4.1,4.6,2034700
TTH,4/15/2021,4.5,4.7,4.4,4.5,1166600
TTH,4/16/2021,4.5,4.5,4.1,4.2,1737300
TTH,4/19/2021,4.2,4.2,3.8,3.8,2224100
TTH,4/20/2021,3.5,3.8,3.5,3.7,1036400
TTH,4/22/2021,3.7,3.7,3.4,3.4,1386600
TTH,4/23/2021,3.4,3.4,3.1,3.2,1115000
TTH,4/26/2021,3.2,3.5,3.2,3.5,1583200
TTH,4/27/2021,3.5,3.5,3.2,3.3,672800
TTH,4/28/2021,3.3,3.6,3.2,3.5,1324600
TTH,4/29/2021,3.5,3.6,3.3,3.5,587100
TTH,5/4/2021,3.4,3.4,3.2,3.4,620600
TTH,5/5/2021,3.2,3.5,3.2,3.4,708900
TTH,5/6/2021,3.4,3.5,3.2,3.3,526100
TTH,5/7/2021,3.3,3.3,3,3.1,1612300
TTH,5/10/2021,3,3.1,2.9,3,834800
TTH,5/11/2021,3,3.2,2.9,3.1,322300
TTH,5/12/2021,3.2,3.2,3,3.2,334100
TTH,5/13/2021,3.2,3.3,3.1,3.3,546300
TTH,5/14/2021,3.3,3.3,3.1,3.3,304200
TTH,5/17/2021,3.2,3.4,3.2,3.3,995100
TTH,5/18/2021,3.4,3.6,3.4,3.6,2092700
TTH,5/19/2021,3.7,3.9,3.6,3.6,1296500
TTH,5/20/2021,3.6,3.6,3.4,3.5,319000
TTH,5/21/2021,3.4,3.5,3.3,3.4,745400
TTH,5/24/2021,3.3,3.4,3.3,3.4,500200
TTH,5/25/2021,3.4,3.6,3.3,3.4,587100
TTH,5/26/2021,3.4,3.5,3.3,3.4,523600
TTH,5/27/2021,3.4,3.4,3.2,3.3,555000
TTH,5/28/2021,3.2,3.4,3.2,3.4,540900
TTH,5/31/2021,3.3,3.5,3.2,3.3,608400
TTH,6/1/2021,3.3,3.4,3.2,3.4,609200
TTH,6/2/2021,3.4,3.4,3.3,3.4,241400
TTH,6/3/2021,3.4,3.6,3.3,3.5,875100
TTH,6/4/2021,3.5,3.7,3.4,3.6,1057400
TTH,6/7/2021,3.6,3.8,3.5,3.6,776900
TTH,6/8/2021,3.6,3.6,3.4,3.4,361400
TTH,6/9/2021,3.3,3.5,3.3,3.4,538900
TTH,6/10/2021,3.5,3.5,3.3,3.3,565700
TTH,6/11/2021,3.3,3.5,3.3,3.5,309500
TTH,6/14/2021,3.5,3.5,3.3,3.4,333900
TTH,6/15/2021,3.3,3.5,3.3,3.3,342500
TTH,6/16/2021,3.3,3.4,3.3,3.3,201200
TTH,6/17/2021,3.3,3.4,3.3,3.4,289100
TTH,6/18/2021,3.4,3.5,3.3,3.4,463500
TTH,6/21/2021,3.4,3.6,3.4,3.4,766300
TTH,6/22/2021,3.5,3.6,3.4,3.5,616100
TTH,6/23/2021,3.6,3.6,3.4,3.4,541400
TTH,6/24/2021,3.4,3.5,3.3,3.3,296200
TTH,6/25/2021,3.4,3.5,3.3,3.4,165400
TTH,6/28/2021,3.4,3.5,3.3,3.4,193300
TTH,6/29/2021,3.4,3.4,3.3,3.3,233400
TTH,6/30/2021,3.3,3.4,3.2,3.3,409400
TTH,7/1/2021,3.3,3.4,3.2,3.2,280600
TTH,7/2/2021,3.2,3.3,3.1,3.2,649300
TTH,7/5/2021,3.2,3.3,3.1,3.2,655500
TTH,7/6/2021,3.2,3.2,3.1,3.1,259700
TTH,7/7/2021,3.1,3.1,2.8,2.9,914400
TTH,7/8/2021,3,3.1,2.9,3.1,589200
TTH,7/9/2021,3.2,3.2,2.9,2.9,235200
TTH,7/12/2021,3,3,2.7,2.8,514300
TTH,7/13/2021,2.8,3,2.8,3,388600
TTH,7/14/2021,3,3.1,2.9,3,284000
TTH,7/15/2021,3,3.1,2.9,3.1,132500
TTH,7/16/2021,3.1,3.1,2.9,3.1,487500
TTH,7/19/2021,2.9,3,2.8,2.8,372800
TTH,7/20/2021,2.8,2.9,2.7,2.9,105900
TTH,7/21/2021,2.9,3,2.9,2.9,178100
TTH,7/22/2021,2.9,3,2.8,2.9,207400
TTH,7/23/2021,2.9,3,2.9,3,246700
TTH,7/26/2021,3,3,2.8,2.9,132300
TTH,7/27/2021,3,3,2.8,3,195500
TTH,7/28/2021,2.9,3,2.8,3,286900
TTH,7/29/2021,3,3,2.9,2.9,121100
TTH,7/30/2021,3,3,2.9,2.9,68700
TTH,8/2/2021,3,3,2.9,2.9,206700
TTH,8/3/2021,3,3,2.9,3,133700
TTH,8/4/2021,3,3,2.9,2.9,118700
TTH,8/5/2021,2.9,3.1,2.9,3.1,1007100
TTH,8/6/2021,3.3,3.4,3.1,3.1,640000
TTH,8/9/2021,3.1,3.3,3.1,3.3,287600
TTH,8/10/2021,3.3,3.3,3.1,3.2,450200
TTH,8/11/2021,3.2,3.3,3.1,3.2,299900
TTH,8/12/2021,3.2,3.4,3.1,3.3,698200
TTH,8/13/2021,3.3,3.6,3.3,3.6,2319600
TTH,8/16/2021,3.7,3.9,3.7,3.9,1925500
TTH,8/17/2021,3.9,3.9,3.6,3.6,843600
TTH,8/18/2021,3.6,3.7,3.4,3.6,829100
TTH,8/19/2021,3.6,3.6,3.4,3.6,829500
TTH,8/20/2021,3.6,3.6,3.4,3.4,1043000
TTH,8/23/2021,3.4,3.6,3.4,3.5,726000
TTH,8/24/2021,3.5,3.6,3.3,3.4,781700
TTH,8/25/2021,3.4,3.6,3.4,3.5,618300
TTH,8/26/2021,3.5,3.6,3.4,3.4,269400
TTH,8/27/2021,3.4,3.6,3.3,3.6,1040300
TTH,8/30/2021,3.6,3.7,3.5,3.6,1534900
TTH,8/31/2021,3.6,3.7,3.5,3.7,1026300
TTH,9/1/2021,3.7,4,3.7,3.9,2068300
TTH,9/6/2021,4,4.1,3.9,4,1474000
TTH,9/7/2021,4.2,4.2,3.6,3.6,2120400
TTH,9/8/2021,3.7,3.8,3.6,3.7,1280500
TTH,9/9/2021,3.8,3.8,3.6,3.8,580400
TTH,9/10/2021,3.8,3.8,3.6,3.7,901400
TTH,9/13/2021,3.6,4,3.4,4,2737600
TTH,9/14/2021,4.2,4.4,4.1,4.4,3252700
TTH,9/15/2021,4.4,4.8,4.4,4.5,2343600
TTH,9/16/2021,4.5,4.5,4.1,4.2,2052400
TTH,9/17/2021,4.2,4.6,4.1,4.6,2033200
TTH,9/20/2021,5,5,4.8,5,1304500
TTH,9/21/2021,5.5,5.5,5.2,5.5,3251300
TTH,9/22/2021,5.9,6,5.9,6,1189700
TTH,9/23/2021,6.6,6.6,5.4,5.8,6031900
TTH,9/24/2021,5.7,5.7,5.3,5.3,1859200
TTH,9/27/2021,4.8,5,4.8,4.8,1089000
TTH,9/28/2021,4.4,4.9,4.4,4.8,3276600
TTH,9/29/2021,4.8,4.9,4.5,4.8,949400
TTH,9/30/2021,4.5,5.2,4.5,5.1,669000
TTH,10/1/2021,5,5,4.7,5,1808900
TTH,10/4/2021,5,5,4.5,4.5,916900
TTH,10/5/2021,4.5,4.7,4.4,4.6,720500
TTH,10/6/2021,4.7,5,4.5,5,1041900
TTH,10/7/2021,5,5.3,4.8,5.2,892300
TTH,10/8/2021,5.2,5.2,4.9,4.9,693300
TTH,10/11/2021,4.9,4.9,4.7,4.7,801400
TTH,10/12/2021,4.7,5.1,4.6,4.9,1043900
TTH,10/13/2021,4.9,5,4.7,4.9,758200
TTH,10/14/2021,4.9,5,4.8,4.9,813400
TTH,10/15/2021,4.9,5.2,4.8,5,1524900
TTH,10/18/2021,5,5.2,4.9,5.1,1007100
TTH,10/19/2021,5.1,5.3,4.9,5.2,1364100
TTH,10/20/2021,5.2,5.7,5.1,5.7,3439900
TTH,10/21/2021,5.7,6.2,5.6,5.9,2308300
TTH,10/22/2021,5.9,6.4,5.6,6.3,4843000
TTH,10/25/2021,6.5,6.6,6,6.2,1906200
TTH,10/26/2021,6.2,6.3,5.9,6.2,949100
TTH,10/27/2021,6.2,6.2,5.6,5.8,4305800
TTH,10/28/2021,5.8,6.1,5.8,5.9,1302800
TTH,10/29/2021,5.9,6.1,5.8,6.1,1607800
TTH,11/1/2021,6.1,6.4,5.9,6.1,2268500
TTH,11/2/2021,6.2,6.3,6.1,6.3,1100500
TTH,11/3/2021,6.3,6.7,6,6,2169600
TTH,11/4/2021,6,6.1,5.9,6,834500
TTH,11/5/2021,6.1,6.1,5.9,6.1,1083100
TTH,11/8/2021,6.1,6.2,6,6.1,1077900
TTH,11/9/2021,6.1,6.2,6,6.1,742500
TTH,11/10/2021,6.1,6.1,5.9,6,1221700
TTH,11/11/2021,6.1,6.6,6,6.5,3198800
TTH,11/12/2021,6.7,7.1,6.5,7.1,2909800
TTH,11/15/2021,7.1,7.5,6.9,7.2,1990600
TTH,11/16/2021,7.2,7.2,6.5,6.7,3398200
TTH,11/17/2021,6.7,7,6.5,7,1858300
TTH,11/18/2021,7,7.6,6.8,7.1,2798600
TTH,11/19/2021,7.5,7.5,6.5,6.9,3927700
TTH,11/22/2021,6.9,7.1,6.3,6.4,3131300
TTH,11/23/2021,6.3,7,6,7,1860100
TTH,11/24/2021,7.4,7.7,7.2,7.3,3727500
TTH,11/25/2021,7.3,7.5,6.9,7.1,3116000
TTH,11/26/2021,7,7.2,6.7,6.8,2714100
TTH,11/29/2021,6.7,7,6.5,7,2053500
TTH,11/30/2021,7,7.6,7,7.4,4289500
TTH,12/1/2021,7.5,7.6,7.2,7.6,2237600
TTH,12/2/2021,7.6,8.3,7.5,8.3,2521800
TTH,12/3/2021,8.9,9.1,8.4,8.8,5372300
TTH,12/6/2021,8.6,8.8,8,8,3187800
TTH,12/7/2021,8,8,7.2,7.9,3223100
TTH,12/8/2021,7.9,8,7.4,7.5,2037800
TTH,12/9/2021,7.5,7.9,7.3,7.7,1583500
TTH,12/10/2021,7.8,7.8,7.4,7.6,1377300
TTH,12/13/2021,7.7,8,7.5,8,1072200
TTH,12/14/2021,8,8,7.7,7.8,1159900
TTH,12/15/2021,7.8,7.8,7.5,7.7,1226100
TTH,12/16/2021,7.7,8,7.5,8,1857300
TTH,12/17/2021,8,8.3,7.8,8.1,3065800
TTH,12/20/2021,8.1,8.2,7.8,7.9,1263400
TTH,12/21/2021,7.9,7.9,7.7,7.9,1649800
TTH,12/22/2021,7.9,8.5,7.9,8.3,3329100
TTH,12/23/2021,8.4,8.4,7.9,8.2,1652100
TTH,12/24/2021,8.2,8.8,8.1,8.4,2523700
TTH,12/27/2021,8.4,8.6,8.3,8.4,949700
TTH,12/28/2021,8.4,8.5,8.1,8.2,2426000
TTH,12/29/2021,8.2,8.3,8,8.3,2587300
TTH,12/30/2021,8.3,8.5,8.2,8.3,1928000
TTH,12/31/2021,8.3,8.4,8,8,1121700
TTH,1/4/2022,8,8.3,8,8.2,1981100
TTH,1/5/2022,8.2,8.3,8,8.1,1700100
TTH,1/6/2022,8,8.6,8,8.3,2675100
TTH,1/7/2022,8.3,9.1,8.2,9,4674600
TTH,1/10/2022,9.1,9.8,9,9.2,4265100
TTH,1/11/2022,9.2,9.2,8.3,8.6,2245800
TTH,1/12/2022,8.3,8.6,7.8,8.3,2805800
TTH,1/13/2022,8.3,8.4,7.5,7.5,2653800
TTH,1/14/2022,7.5,7.9,6.8,7.5,1274700
TTH,1/17/2022,7.5,7.8,6.8,6.9,1338900
TTH,1/18/2022,6.9,6.9,6.3,6.3,1493600
TTH,1/19/2022,6.3,6.3,5.7,5.7,1569300
TTH,1/20/2022,5.6,6.2,5.3,6.2,954200
TTH,1/21/2022,6.3,6.8,6.3,6.8,1033500
TTH,1/24/2022,6.8,7,6.2,6.2,1080900
TTH,1/25/2022,6,6.8,5.9,6.7,562500
TTH,1/26/2022,6.7,6.9,6.4,6.5,367100
TTH,1/27/2022,6.5,6.7,6.3,6.5,281300
TTH,1/28/2022,6.7,6.7,6.3,6.4,374600
TTH,2/7/2022,6.5,7,6.5,7,508300
TTH,2/8/2022,7,7.2,6.8,7,514600
TTH,2/9/2022,7,7.2,6.8,7,511400
TTH,2/10/2022,7,7.1,7,7.1,455800
TTH,2/11/2022,7.1,7.2,7,7.1,411400
TTH,2/14/2022,7,7.1,6.7,6.9,487300
TTH,2/15/2022,7,7,6.7,6.8,376900
TTH,2/16/2022,7,7.1,6.8,7,480300
TTH,2/17/2022,7.2,7.2,6.9,7,329700
TTH,2/18/2022,7.5,7.5,6.8,7.1,457400
TTH,2/21/2022,7.1,7.4,7,7.3,643400
TTH,2/22/2022,7.2,7.3,7,7.1,1167000
TTH,2/23/2022,7.1,7.3,7.1,7.2,427200
TTH,2/24/2022,7.2,7.2,6.6,7,1163300
TTH,2/25/2022,7,7.1,6.8,6.9,579700
TTH,2/28/2022,6.9,7,6.8,6.8,451000
TTH,3/1/2022,6.8,7.1,6.8,7,786500
TTH,3/2/2022,7,7.1,6.8,7,684000
TTH,3/3/2022,7,7.4,6.8,7.3,1691500
TTH,3/4/2022,8,8,7.2,7.3,1086700
TTH,3/7/2022,7.3,7.7,7.2,7.4,1739900
TTH,3/8/2022,7.4,7.5,7.2,7.3,1372500
TTH,3/9/2022,7.3,7.4,7,7.2,952900
TTH,3/10/2022,7.2,7.5,7.2,7.5,1310600
TTH,3/11/2022,7.5,7.9,7.4,7.6,2351000
TTH,3/14/2022,7.6,7.6,7.2,7.3,919000
TTH,3/15/2022,7.3,7.5,7.2,7.5,815000
TTH,3/16/2022,7.4,7.6,7.4,7.5,1137800
TTH,3/17/2022,7.5,7.7,7.4,7.6,1314300
TTH,3/18/2022,7.6,8.2,7.6,7.9,2948000
TTH,3/21/2022,8.5,8.5,7.8,7.9,736500
TTH,3/22/2022,8.5,8.5,7.7,7.8,1077900
TTH,3/23/2022,7.8,7.9,7.6,7.7,1622800
TTH,3/24/2022,7.9,7.9,7.5,7.7,1113500
TTH,3/25/2022,7.8,7.8,7.6,7.6,994100
TTH,3/28/2022,7.5,7.6,7.2,7.3,2015000
TTH,3/29/2022,7.9,7.9,7.2,7.6,1082100
TTH,3/30/2022,8.2,8.2,7.2,7.2,1052600
TTH,3/31/2022,7.3,7.4,7,7.2,691400
TTH,4/1/2022,7.1,7.2,7,7.2,1012000
TTH,4/4/2022,7.2,7.4,7.1,7.2,654400
TTH,4/5/2022,7.2,7.3,7.1,7.2,442200
TTH,4/6/2022,7.2,7.2,6.9,7,835700
TTH,4/7/2022,7,7.1,6.8,6.9,548200
TTH,4/8/2022,6.9,6.9,6.5,6.5,904600
TTH,4/12/2022,6.7,6.9,6.4,6.5,470700
TTH,4/13/2022,6.5,6.6,6,6.5,520600
TTH,4/14/2022,6.5,6.6,6.4,6.5,324000
TTH,4/15/2022,6.5,6.5,6,6,513800
TTH,4/18/2022,6,6.1,5.4,5.4,997500
TTH,4/19/2022,5.4,5.6,4.9,4.9,698200
TTH,4/20/2022,4.9,4.9,4.5,4.5,1135400
TTH,4/21/2022,4.4,4.4,4.1,4.1,963600
TTH,4/22/2022,4,4.5,3.9,4.4,979800
TTH,4/25/2022,4.5,4.7,4.3,4.5,624300
TTH,4/26/2022,4.5,4.8,4.3,4.8,372100
TTH,4/27/2022,4.8,5,4.6,4.9,368800
TTH,4/28/2022,4.9,5.1,4.9,4.9,543700
TTH,4/29/2022,4.9,5.1,4.8,5.1,569300
TTH,5/4/2022,5.1,5.1,4.8,4.9,561700
TTH,5/5/2022,4.9,5,4.7,4.9,268800
TTH,5/6/2022,4.8,4.8,4.6,4.6,244100
TTH,5/9/2022,4.6,4.6,4.2,4.2,445800
TTH,5/10/2022,4.1,4.4,3.9,4.2,371500
TTH,5/11/2022,4.3,4.4,4.2,4.3,240200
TTH,5/12/2022,4.3,4.4,4,4.1,570600
TTH,5/13/2022,4.1,4.2,3.8,3.8,380800
TTH,5/16/2022,3.8,4.1,3.7,3.9,488400
TTH,5/17/2022,3.7,4.2,3.6,4.1,283000
TTH,5/18/2022,4.2,4.3,4.1,4.3,268100
TTH,5/19/2022,4.2,4.2,4,4.1,217500
TTH,5/20/2022,4.2,4.3,4.1,4.2,444200
TTH,5/23/2022,4.3,4.3,4.1,4.1,242600
TTH,5/24/2022,4.2,4.2,4,4.1,256900
TTH,5/25/2022,4.1,4.5,4.1,4.5,1051600
TTH,5/26/2022,4.6,4.8,4.5,4.7,417600
TTH,5/27/2022,4.6,4.8,4.5,4.6,306600
TTH,5/30/2022,4.6,4.7,4.4,4.7,536600
TTH,5/31/2022,4.6,4.7,4.5,4.5,329100
TTH,6/1/2022,4.5,4.6,4.4,4.5,164500
TTH,6/2/2022,4.5,4.6,4.4,4.5,326900
TTH,6/3/2022,4.5,4.6,4.4,4.5,278500
TTH,6/6/2022,4.5,4.5,4.3,4.3,547200
TTH,6/7/2022,4.3,4.3,3.9,4,790100
TTH,6/8/2022,4,4.3,4,4.3,323700
TTH,6/9/2022,4.3,4.3,4.2,4.2,97000
TTH,6/10/2022,4.2,4.3,4.1,4.1,139900
TTH,6/13/2022,4.1,4.1,3.8,3.8,340700
TTH,6/14/2022,3.9,4,3.6,3.8,660000
TTH,6/15/2022,3.8,3.9,3.5,3.5,582100
TTH,6/16/2022,3.5,3.7,3.5,3.6,181500
TTH,6/17/2022,3.5,3.6,3.3,3.3,461800
TTH,6/20/2022,3.1,3.4,3,3,378700
TTH,6/21/2022,2.9,3,2.7,2.7,519900
TTH,6/22/2022,2.8,2.9,2.8,2.9,261700
TTH,6/23/2022,2.9,3.1,2.9,3.1,324600
TTH,6/24/2022,3.2,3.2,3,3.2,266100
TTH,6/27/2022,3.2,3.2,3.1,3.1,106400
TTH,6/28/2022,3.2,3.3,3.1,3.2,279200
TTH,6/29/2022,3.2,3.4,3.1,3.3,344400
TTH,6/30/2022,3.3,3.3,3.1,3.1,122200
TTH,7/1/2022,3.1,3.2,2.9,3,215900
TTH,7/4/2022,3.1,3.3,3,3.3,331600
TTH,7/5/2022,3.5,3.5,3.2,3.3,256300
TTH,7/6/2022,3.3,3.3,3.1,3.1,253700
TTH,7/7/2022,3.1,3.2,3,3.2,120800
TTH,7/8/2022,3.2,3.3,3.1,3.2,362100
TTH,7/11/2022,3.2,3.3,3.1,3.2,211800
TTH,7/12/2022,3.2,3.3,3.1,3.2,186500
TTH,7/13/2022,3.2,3.4,3.2,3.3,347000
TTH,7/14/2022,3.3,3.3,3.2,3.3,104500
TTH,7/15/2022,3.3,3.4,3.2,3.2,262200
TTH,7/18/2022,3.2,3.4,3.2,3.2,100100
TTH,7/19/2022,3.3,3.3,3.2,3.3,247900
TTH,7/20/2022,3.3,3.5,3.2,3.4,648900
TTH,7/21/2022,3.4,3.5,3.3,3.3,125200
TTH,7/22/2022,3.3,3.4,3.2,3.3,204600
TTH,7/25/2022,3.3,3.3,3.1,3.3,359200
TTH,7/26/2022,3.3,3.3,3.2,3.2,133600
TTH,7/27/2022,3.2,3.3,3.1,3.2,205400
TTH,7/28/2022,3.2,3.3,3.1,3.2,166200
TTH,7/29/2022,3.2,3.3,3.2,3.2,112400
TTH,8/1/2022,3.2,3.3,3.2,3.2,165900
TTH,8/2/2022,3.2,3.4,3.2,3.3,644900
TTH,8/3/2022,3.3,3.5,3.3,3.5,533300
TTH,8/4/2022,3.5,3.5,3.3,3.4,386300
TTH,8/5/2022,3.4,3.6,3.3,3.5,609500
TTH,8/8/2022,3.5,3.8,3.5,3.7,913500
TTH,8/9/2022,3.7,4,3.7,4,1247300
TTH,8/10/2022,4,4.2,4,4,711000
TTH,8/11/2022,4,4.1,3.9,4,940800
TTH,8/12/2022,3.9,4,3.8,4,557100
TTH,8/15/2022,3.9,4,3.8,3.9,487200
TTH,8/16/2022,3.8,4,3.8,3.9,273100
TTH,8/17/2022,3.9,4,3.8,3.9,460300
TTH,8/18/2022,3.9,3.9,3.7,3.7,282100
TTH,8/19/2022,3.8,3.8,3.6,3.6,234900
TTH,8/22/2022,3.6,3.7,3.5,3.6,397500
TTH,8/23/2022,3.6,3.7,3.6,3.7,178700
TTH,8/24/2022,3.7,3.8,3.6,3.7,203300
TTH,8/25/2022,3.7,4,3.7,4,743300
TTH,8/26/2022,4.1,4.2,3.9,4,778400
TTH,8/29/2022,4,4,3.7,3.7,389000
TTH,8/30/2022,3.7,3.9,3.7,3.7,216900
TTH,8/31/2022,3.7,3.9,3.7,3.8,272400
TTH,9/5/2022,3.8,3.9,3.7,3.7,279400
TTH,9/6/2022,3.7,3.9,3.7,3.7,311700
TTH,9/7/2022,3.7,3.8,3.6,3.6,297200
TTH,9/8/2022,3.6,3.7,3.5,3.6,517100
TTH,9/9/2022,3.5,3.7,3.5,3.6,287600
TTH,9/12/2022,3.6,3.7,3.5,3.6,149100
TTH,9/13/2022,3.6,3.7,3.5,3.7,184000
TTH,9/14/2022,3.6,3.6,3.5,3.6,306000
TTH,9/15/2022,3.5,3.6,3.5,3.5,146000
TTH,9/16/2022,3.6,3.6,3.3,3.3,318500
TTH,9/19/2022,3.4,3.5,3.2,3.2,448700
TTH,9/20/2022,3.3,3.3,3.2,3.3,166100
TTH,9/21/2022,3.3,3.5,3.2,3.3,268800
TTH,9/22/2022,3.3,3.5,3.3,3.4,334100
TTH,9/23/2022,3.5,3.5,3.3,3.3,117700
TTH,9/26/2022,3.3,3.3,3,3.2,699900
TTH,9/27/2022,3.2,3.3,3.1,3.2,196100
TTH,9/28/2022,3.2,3.3,3.1,3.2,258800
TTH,9/29/2022,3.1,3.3,3.1,3.1,313000
TTH,9/30/2022,3.1,3.2,2.9,3.1,257400
TTH,10/3/2022,3.1,3.1,2.9,2.9,241000
TTH,10/4/2022,2.9,3,2.8,2.8,136200
TTH,10/5/2022,2.8,3,2.8,3,155300
TTH,10/6/2022,3,3.1,2.9,2.9,167500
TTH,10/7/2022,2.9,2.9,2.7,2.8,301500
TTH,10/10/2022,2.8,2.9,2.7,2.8,336900
TTH,10/11/2022,2.8,2.9,2.6,2.6,356500
TTH,10/12/2022,2.6,2.7,2.5,2.6,170800
TTH,10/13/2022,2.6,2.7,2.6,2.7,101300
TTH,10/14/2022,2.7,2.8,2.7,2.8,138200
TTH,10/17/2022,2.7,2.8,2.6,2.7,173500
TTH,10/18/2022,2.7,2.8,2.7,2.8,154900
TTH,10/19/2022,2.8,2.8,2.6,2.7,185700
TTH,10/20/2022,2.7,2.7,2.6,2.6,34500
TTH,10/21/2022,2.7,2.7,2.4,2.4,479500
TTH,10/24/2022,2.5,2.5,2.2,2.2,383900
TTH,10/25/2022,2.1,2.2,2,2.1,405000
TTH,10/26/2022,2,2.2,2,2.1,187900
TTH,10/27/2022,2.1,2.2,1.9,2.2,272000
TTH,10/28/2022,2.2,2.3,2.1,2.2,173900
TTH,10/31/2022,2.2,2.3,2.1,2.2,103000
TTH,11/1/2022,2.2,2.2,2.1,2.1,56200
TTH,11/2/2022,2.1,2.2,2,2.1,159100
TTH,11/3/2022,2,2.2,2,2.1,128700
TTH,11/4/2022,2,2.2,2,2,239800
TTH,11/7/2022,2,2.1,1.8,1.9,144900
TTH,11/8/2022,1.8,2,1.8,1.8,194900
TTH,11/9/2022,1.8,1.9,1.8,1.9,260200
TTH,11/10/2022,1.9,1.9,1.8,1.8,177600
TTH,11/11/2022,1.8,1.9,1.7,1.7,247600
TTH,11/14/2022,1.7,1.8,1.6,1.7,444600
TTH,11/15/2022,1.7,1.7,1.6,1.6,145900
TTH,11/16/2022,1.5,1.7,1.5,1.7,395600
TTH,11/17/2022,1.7,1.8,1.6,1.8,380000
TTH,11/18/2022,1.9,1.9,1.7,1.8,151100
TTH,11/21/2022,1.9,1.9,1.8,1.9,364400
TTH,11/22/2022,1.9,2,1.9,2,385400
TTH,11/23/2022,2,2.1,1.9,1.9,200500
TTH,11/24/2022,2,2,1.8,1.8,465300
TTH,11/25/2022,1.8,1.9,1.8,1.9,180400
TTH,11/28/2022,1.9,2,1.9,2,435400
TTH,11/29/2022,2.1,2.2,2,2.1,447700
TTH,11/30/2022,2.2,2.2,2.1,2.2,200300
TTH,12/1/2022,2.2,2.4,2.1,2.4,893200
TTH,12/2/2022,2.4,2.6,2.3,2.5,382600
TTH,12/5/2022,2.5,2.7,2.5,2.7,575100
TTH,12/6/2022,2.8,2.8,2.5,2.5,773600
TTH,12/7/2022,2.4,2.5,2.3,2.3,511300
TTH,12/8/2022,2.3,2.5,2.2,2.4,235800
TTH,12/9/2022,2.4,2.4,2.3,2.4,165800
TTH,12/12/2022,2.4,2.5,2.2,2.3,252900
TTH,12/13/2022,2.4,2.5,2.2,2.5,324700
TTH,12/14/2022,2.6,2.7,2.4,2.6,349700
TTH,12/15/2022,2.6,2.6,2.4,2.4,116300
TTH,12/16/2022,2.4,2.5,2.3,2.4,129400
TTH,12/19/2022,2.3,2.5,2.3,2.5,322800
TTH,12/20/2022,2.5,2.5,2.3,2.4,385000
TTH,12/21/2022,2.4,2.4,2.2,2.3,262100
TTH,12/22/2022,2.2,2.3,2.1,2.3,287700
TTH,12/23/2022,2.3,2.3,2.1,2.1,752900
TTH,12/26/2022,2.1,2.1,1.9,1.9,727600
TTH,12/27/2022,1.8,2,1.8,2,569300
TTH,12/28/2022,2,2.1,1.9,1.9,253200
TTH,12/29/2022,2,2,1.8,1.9,315700
TTH,12/30/2022,2,2,1.8,1.8,384800
TTH,1/3/2023,1.9,1.9,1.8,1.9,249500
TTH,1/4/2023,2,2,1.9,1.9,84100
TTH,1/5/2023,1.9,2,1.8,1.9,374800
TTH,1/6/2023,2,2,1.8,1.9,155700
TTH,1/9/2023,1.9,2,1.8,2,140300
TTH,1/10/2023,2,2,1.8,1.9,138100
TTH,1/11/2023,1.8,2,1.8,2,620900
TTH,1/12/2023,1.9,2.1,1.9,2,95300
TTH,1/13/2023,1.9,2.1,1.9,2.1,237600
TTH,1/16/2023,2.1,2.2,2,2.1,276800
TTH,1/17/2023,2,2.1,2,2,272600
TTH,1/18/2023,2,2.1,1.9,2,136300
TTH,1/19/2023,2.1,2.1,2,2.1,133400
TTH,1/27/2023,2.1,2.2,2.1,2.1,72300
TTH,1/30/2023,2.1,2.3,2.1,2.3,379200
TTH,1/31/2023,2.3,2.3,2.1,2.2,209200
TTH,2/1/2023,2.3,2.3,2.2,2.2,107200
TTH,2/2/2023,2.2,2.2,2.1,2.2,92600
TTH,2/3/2023,2.2,2.2,2.1,2.1,183400
TTH,2/6/2023,2.1,2.2,2,2.2,101100
TTH,2/7/2023,2.1,2.2,2,2,210800
TTH,2/8/2023,2,2.2,2,2,244300
TTH,2/9/2023,2,2.2,2,2.1,182100
TTH,2/10/2023,2,2.1,2,2,111300
TTH,2/13/2023,2.1,2.1,1.9,2.1,185200
TTH,2/14/2023,2,2.1,2,2,109700
TTH,2/15/2023,2,2.1,1.9,2,67600
TTH,2/16/2023,2,2.1,1.9,2,186400
TTH,2/17/2023,1.9,2.1,1.9,2,89800
TTH,2/20/2023,2.1,2.2,2,2.1,196200
TTH,2/21/2023,2.1,2.2,2,2.1,165300
TTH,2/22/2023,2,2.2,2,2.1,227400
TTH,2/23/2023,2.2,2.2,2,2.1,82700
TTH,2/24/2023,2.1,2.2,2,2.1,306400
TTH,2/27/2023,2,2.1,2,2.1,88700
TTH,2/28/2023,2.1,2.1,2,2,93300
TTH,3/1/2023,2,2.1,2,2,126100
TTH,3/2/2023,2,2.1,2,2,197300
TTH,3/3/2023,2.1,2.1,2,2,130300
TTH,3/6/2023,2,2.1,2,2,88900
TTH,3/7/2023,2.1,2.1,2,2,43000
TTH,3/8/2023,2.1,2.1,2,2,159800
TTH,3/9/2023,2,2.1,2,2,32700
TTH,3/10/2023,2,2.1,1.9,1.9,146100
TTH,3/13/2023,2,2,1.9,2,179500
TTH,3/14/2023,2.1,2.2,2.1,2.2,1703800
TTH,3/15/2023,2.2,2.3,2.1,2.1,436600
TTH,3/16/2023,2.1,2.2,2,2,414800
TTH,3/17/2023,2.1,2.1,2,2,208000
TTH,3/20/2023,2,2.1,2,2,183800
TTH,3/21/2023,2.1,2.1,1.9,2,178900
TTH,3/22/2023,2,2.1,1.9,2,143900
TTH,3/23/2023,2,2.1,1.9,2.1,46600
TTH,3/24/2023,2,2.1,2,2,23700
TTH,3/27/2023,2.1,2.1,2,2.1,97600
TTH,3/28/2023,2.1,2.1,2,2.1,109400
TTH,3/29/2023,2.1,2.1,2,2,108000
TTH,3/30/2023,2,2.1,2,2,77700
TTH,3/31/2023,2,2.1,2,2.1,109200
TTH,4/3/2023,2.1,2.1,2,2.1,43700
TTH,4/4/2023,2.1,2.1,2,2,303800
TTH,4/5/2023,2.1,2.2,2,2.1,561900
TTH,4/6/2023,2.2,2.2,2,2.1,571600
TTH,4/7/2023,2.2,2.2,2,2.1,82000
TTH,4/10/2023,2,2.2,2,2,307900
TTH,4/11/2023,2.1,2.1,2,2.1,523700
TTH,4/12/2023,2.1,2.1,2,2,119100
TTH,4/13/2023,2.1,2.1,2,2.1,223400
TTH,4/14/2023,2.1,2.1,2,2,384500
TTH,4/17/2023,2,2.1,1.9,2,92300
TTH,4/18/2023,2,2.1,2,2,97600
TTH,4/19/2023,2.1,2.1,2,2,33000
TTH,4/20/2023,2,2.1,2,2,133300
TTH,4/21/2023,2.1,2.1,2,2,171000
TTH,4/24/2023,2.1,2.1,1.9,1.9,173500
TTH,4/25/2023,1.9,2,1.9,2,337300
TTH,4/26/2023,2.1,2.1,1.9,2.1,87300
TTH,4/27/2023,2.1,2.1,2,2,145700
TTH,4/28/2023,2,2.1,1.9,2,169400
TTH,5/4/2023,2,2,1.9,2,100900
TTH,5/5/2023,2,2,1.9,1.9,83200
TTH,5/8/2023,2,2,1.9,2,90200
TTH,5/9/2023,2,2.1,1.9,2.1,355400
TTH,5/10/2023,2.1,2.1,2,2.1,356200
TTH,5/11/2023,2.1,2.2,2,2.2,770200
TTH,5/12/2023,2.2,2.2,2.1,2.1,542300
TTH,5/15/2023,2.1,2.2,2,2.2,372400
TTH,5/16/2023,2.2,2.2,2,2.1,282700
TTH,5/17/2023,2.1,2.2,2,2.1,183000
TTH,5/18/2023,2.1,2.3,2.1,2.3,1253600
TTH,5/19/2023,2.5,2.5,2.2,2.3,1131200
TTH,5/22/2023,2.4,2.4,2.2,2.3,313900
TTH,5/23/2023,2.3,2.5,2.3,2.4,1436600
TTH,5/24/2023,2.4,2.5,2.4,2.4,295800
TTH,5/25/2023,2.4,2.5,2.3,2.3,770000
TTH,5/26/2023,2.3,2.4,2.3,2.4,324200
TTH,5/29/2023,2.4,2.6,2.3,2.6,1009700
TTH,5/30/2023,2.6,2.7,2.5,2.6,700700
TTH,5/31/2023,2.6,2.8,2.5,2.8,1404500
TTH,6/1/2023,2.8,3,2.8,3,1604000
TTH,6/2/2023,3.2,3.2,2.8,3,1761400
TTH,6/5/2023,3,3.1,2.9,3,664700
TTH,6/6/2023,3.1,3.2,2.9,3.2,1117300
TTH,6/7/2023,3.2,3.3,3.1,3.3,834900
TTH,6/8/2023,3.3,3.3,3,3,1572500
TTH,6/9/2023,3,3.1,2.9,3,712600
TTH,6/12/2023,3,3.2,3,3,510700
TTH,6/13/2023,3.1,3.2,3,3.1,614800
TTH,6/14/2023,3.1,3.4,3.1,3.1,1226200
TTH,6/15/2023,3.2,3.2,2.9,3.1,629400
TTH,6/16/2023,3.1,3.2,2.9,2.9,880100
TTH,6/19/2023,3,3,2.8,3,714000
TTH,6/20/2023,3,3.1,2.9,3,285200
TTH,6/21/2023,3,3.1,2.9,3,608900
TTH,6/22/2023,3.1,3.1,2.9,3.1,632300
TTH,6/23/2023,3.1,3.2,3,3.1,457800
TTH,6/26/2023,3.1,3.1,2.8,3,795100
TTH,6/27/2023,3,3.1,2.9,3.1,370600
TTH,6/28/2023,3,3.1,2.9,2.9,419700
TTH,6/29/2023,3,3,2.9,2.9,247100
TTH,6/30/2023,2.9,3,2.8,2.9,175100
TTH,7/3/2023,2.8,3,2.8,2.9,131600
TTH,7/4/2023,3,3,2.9,3,175100
TTH,7/5/2023,3,3,2.8,2.9,303000
TTH,7/6/2023,2.9,3,2.8,2.9,338800
TTH,7/7/2023,2.8,2.9,2.8,2.9,135300
TTH,7/10/2023,2.9,3,2.8,3,140600
TTH,7/11/2023,3,3,2.9,2.9,253700
TTH,7/12/2023,3,3,2.8,2.9,167100
TTH,7/13/2023,2.9,3,2.9,3,127700
TTH,7/14/2023,2.9,3.3,2.9,3.3,2565900
TTH,7/17/2023,3.5,3.6,3.4,3.6,1462200
TTH,7/18/2023,3.8,3.9,3.5,3.7,3081700
TTH,7/19/2023,3.7,3.8,3.5,3.7,1525400
TTH,7/20/2023,3.7,3.8,3.5,3.6,1256400
TTH,7/21/2023,3.7,3.8,3.5,3.7,1100000
TTH,7/24/2023,3.6,3.8,3.6,3.7,983000
TTH,7/25/2023,3.7,3.8,3.6,3.6,643000
TTH,7/26/2023,3.6,3.7,3.5,3.6,829600
TTH,7/27/2023,3.5,3.7,3.5,3.6,553100
TTH,7/28/2023,3.6,3.9,3.5,3.7,1211000
TTH,7/31/2023,3.8,3.8,3.6,3.7,357000
TTH,8/1/2023,3.8,3.8,3.5,3.5,577100
TTH,8/2/2023,3.5,3.7,3.5,3.6,207800
TTH,8/3/2023,3.6,3.7,3.4,3.5,672800
TTH,8/4/2023,3.5,3.7,3.5,3.7,435800
TTH,8/7/2023,3.7,3.8,3.6,3.7,906100
TTH,8/8/2023,3.7,4,3.7,4,1338400
TTH,8/9/2023,4.1,4.4,4,4.3,1675400
TTH,8/10/2023,4.3,4.4,3.9,4,653200
TTH,8/11/2023,4,4.1,3.8,4.1,937400
TTH,8/14/2023,4.1,4.2,4,4.2,716400
TTH,8/15/2023,4.2,4.2,4,4.1,769800
TTH,8/16/2023,4.1,4.2,3.9,4.1,890300
TTH,8/17/2023,4.1,4.2,4,4,266700
TTH,8/18/2023,4,4,3.6,3.6,1642300
TTH,8/21/2023,3.4,3.7,3.4,3.7,203100
TTH,8/22/2023,3.7,3.8,3.5,3.7,482300
TTH,8/23/2023,3.7,3.8,3.6,3.7,208000
TTH,8/24/2023,3.6,3.8,3.6,3.8,391100
TTH,8/25/2023,3.7,3.8,3.6,3.7,189700
TTH,8/28/2023,3.6,3.8,3.6,3.7,317800
TTH,8/29/2023,3.8,3.8,3.6,3.8,714800
TTH,8/30/2023,3.9,4,3.8,3.8,321900
TTH,8/31/2023,3.8,4,3.8,3.8,301900
TTH,9/5/2023,3.8,4,3.8,3.9,329300
TTH,9/6/2023,3.8,4,3.7,4,521900
TTH,9/7/2023,4,4.1,3.9,3.9,518800
TTH,9/8/2023,4,4,3.8,3.9,500900
TTH,9/11/2023,3.9,4.1,3.7,3.7,953500
TTH,9/12/2023,3.7,3.8,3.7,3.8,591700
TTH,9/13/2023,3.8,3.9,3.7,3.7,457300
TTH,9/14/2023,3.7,3.8,3.5,3.6,912400
TTH,9/15/2023,3.6,3.7,3.5,3.7,216100
TTH,9/18/2023,3.7,3.7,3.5,3.6,200600
TTH,9/19/2023,3.7,3.7,3.5,3.6,186400
TTH,9/20/2023,3.6,3.7,3.5,3.6,293000
TTH,9/21/2023,3.7,3.9,3.6,3.9,817400
TTH,9/22/2023,4.1,4.2,3.8,4.2,3317700
TTH,9/25/2023,4.3,4.6,4.2,4.4,2953700
TTH,9/26/2023,4.4,4.6,4,4.1,1333400
TTH,9/27/2023,4.1,4.2,3.7,4.2,938500
TTH,9/28/2023,4.2,4.2,3.9,4.1,228600
TTH,9/29/2023,4.1,4.2,3.9,3.9,378900
TTH,10/2/2023,3.9,4.2,3.9,4.2,427600
TTH,10/3/2023,4.4,4.5,4.1,4.2,980900
TTH,10/4/2023,4.2,4.3,4,4.2,315000
TTH,10/5/2023,4.2,4.3,4.1,4.1,355400
TTH,10/6/2023,4.1,4.2,4,4.1,350700
TTH,10/9/2023,4.1,4.5,4.1,4.5,920600
TTH,10/10/2023,4.7,4.9,4.5,4.6,894700
TTH,10/11/2023,4.7,4.8,4.4,4.5,557000
TTH,10/12/2023,4.5,4.7,4.3,4.4,845100
TTH,10/13/2023,4.4,4.7,4.4,4.6,548400
TTH,10/16/2023,4.5,5,4.5,5,1457900
TTH,10/17/2023,5.4,5.4,5.1,5.2,1722200
TTH,10/18/2023,5.2,5.2,4.7,4.7,1541300
TTH,10/19/2023,4.7,4.8,4.5,4.6,889200
TTH,10/20/2023,4.6,4.8,4.5,4.8,878800
TTH,10/23/2023,4.9,5.1,4.8,5,1023400
TTH,10/24/2023,5,5,4.8,4.9,556500
TTH,10/25/2023,5,5,4.6,4.7,1042700
TTH,10/26/2023,4.7,4.8,4.3,4.3,2403700
TTH,10/27/2023,4.2,4.4,4,4.3,1101200
TTH,10/30/2023,4.3,4.3,4.1,4.1,468000
TTH,10/31/2023,4.1,4.2,3.7,3.7,1137100
TTH,11/1/2023,3.7,3.8,3.4,3.6,1725800
TTH,11/2/2023,3.6,3.9,3.6,3.9,422200
TTH,11/3/2023,4,4.2,3.9,4,859400
TTH,11/6/2023,4,4.1,3.9,4,604200
TTH,11/7/2023,4,4.4,4,4.4,1371800
TTH,11/8/2023,4.4,4.6,4.1,4.4,1098800
TTH,11/9/2023,4.5,4.7,4.3,4.4,1145400
TTH,11/10/2023,4.3,4.4,4.2,4.2,1325700
TTH,11/13/2023,4.2,4.4,4.2,4.3,347500
TTH,11/14/2023,4.3,4.4,4.2,4.3,403700
TTH,11/15/2023,4.3,4.5,4.2,4.3,675800
TTH,11/16/2023,4.2,4.3,4.2,4.2,208300
TTH,11/17/2023,4.2,4.5,4.1,4.2,1373700
TTH,11/20/2023,4.2,4.3,4,4.3,608300
TTH,11/21/2023,4.3,4.4,4.2,4.2,454200
TTH,11/22/2023,4.2,4.3,4.1,4.3,615400
TTH,11/23/2023,4.2,4.3,4.1,4.1,787800
TTH,11/24/2023,4.1,4.1,3.9,4.1,852200
TTH,11/27/2023,4.1,4.2,3.9,4,500400
TTH,11/28/2023,4,4.1,3.8,3.9,366700
TTH,11/29/2023,3.9,4.1,3.9,4,348000
TTH,11/30/2023,4.1,4.1,3.9,3.9,359700
TTH,12/1/2023,3.9,4,3.9,3.9,299800
TTH,12/4/2023,4,4.1,3.9,4.1,448700
TTH,12/5/2023,4,4.1,3.9,4,690800
TTH,12/6/2023,4,4.1,3.9,4.1,715100
TTH,12/7/2023,4,4.2,4,4,672300
TTH,12/8/2023,4.1,4.1,3.9,4,1011800
TTH,12/11/2023,4,4,3.9,3.9,221300
TTH,12/12/2023,4,4.1,3.9,4,655900
TTH,12/13/2023,4,4.1,3.9,4,238000
TTH,12/14/2023,4,4,3.9,3.9,225600
TTH,12/15/2023,3.9,4,3.8,3.9,931700
TTH,12/18/2023,3.9,4,3.8,3.9,440300
TTH,12/19/2023,3.9,4,3.8,3.9,269500
TTH,12/20/2023,3.9,4,3.8,3.9,211800
TTH,12/21/2023,3.9,3.9,3.8,3.8,144300
TTH,12/22/2023,3.8,3.9,3.7,3.8,294900
TTH,12/25/2023,3.8,3.9,3.7,3.9,208700
TTH,12/26/2023,3.8,3.9,3.7,3.8,352700
TTH,12/27/2023,3.8,3.9,3.7,3.8,198000
TTH,12/28/2023,3.8,3.9,3.7,3.7,163100
TTH,12/29/2023,3.8,3.8,3.7,3.7,360200
TTH,1/2/2024,3.7,3.8,3.6,3.7,408300
TTH,1/3/2024,3.7,3.8,3.6,3.6,433900
TTH,1/4/2024,3.6,3.8,3.6,3.8,527600
TTH,1/5/2024,3.7,3.8,3.6,3.7,587500
TTH,1/8/2024,3.7,3.8,3.6,3.7,286600
TTH,1/9/2024,3.7,3.8,3.6,3.7,309400
TTH,1/10/2024,3.7,3.8,3.6,3.7,200900
TTH,1/11/2024,3.7,3.7,3.5,3.7,654800
TTH,1/12/2024,3.7,3.7,3.5,3.5,465100
TTH,1/15/2024,3.5,3.7,3.5,3.5,246300
TTH,1/16/2024,3.5,3.7,3.5,3.6,237200
TTH,1/17/2024,3.6,3.7,3.6,3.6,158200
TTH,1/18/2024,3.7,3.7,3.5,3.6,469600
TTH,1/19/2024,3.6,3.7,3.5,3.6,243600
TTH,1/22/2024,3.6,3.9,3.6,3.9,1026200
TTH,1/23/2024,4.2,4.2,3.9,4,1092600
TTH,1/24/2024,4,4,3.8,3.9,526400
TTH,1/25/2024,3.9,4.2,3.8,4.2,2521200
TTH,1/26/2024,4.2,4.6,4.2,4.6,3184400
TTH,1/29/2024,4.6,5,4.6,4.8,2523300
TTH,1/30/2024,4.8,5,4.5,4.6,2215400
TTH,1/31/2024,4.6,4.9,4.4,4.5,1117300
TTH,2/1/2024,4.5,4.6,4.4,4.5,95400
