Ticker,Date,Open,High,Low,Close,Volume
VTH,10/29/2014,8.085648,8.085648,8.085648,8.085648,9000
VTH,10/30/2014,8.87111,8.87111,8.87111,8.87111,100
VTH,10/31/2014,9.748981,9.748981,9.748981,9.748981,200
VTH,11/3/2014,10.71926,10.71926,10.71926,10.71926,119000
VTH,11/4/2014,11.55093,11.78194,10.16481,10.62685,39900
VTH,11/5/2014,10.85787,11.68954,10.85787,11.55093,62100
VTH,11/6/2014,11.2275,11.2275,10.39583,10.39583,31000
VTH,11/7/2014,10.58065,10.62685,9.748981,9.748981,8100
VTH,11/10/2014,10.58065,10.58065,9.102129,9.148333,12600
VTH,11/11/2014,8.824906,8.824906,8.316666,8.778703,23400
VTH,11/12/2014,8.270462,8.316666,7.900833,8.270462,43900
VTH,11/13/2014,7.99324,8.547685,7.900833,7.900833,37900
VTH,11/14/2014,7.900833,7.900833,7.438796,7.669814,21400
VTH,11/17/2014,7.62361,7.808425,7.346388,7.808425,11900
VTH,11/18/2014,7.808425,7.808425,7.438796,7.62361,7200
VTH,11/19/2014,7.577407,7.577407,7.253981,7.253981,9400
VTH,11/20/2014,7.577407,7.947036,7.531203,7.947036,13500
VTH,11/21/2014,7.854629,7.854629,7.438796,7.854629,11700
VTH,11/24/2014,7.62361,7.62361,7.484999,7.484999,23000
VTH,11/25/2014,7.392592,7.62361,7.392592,7.392592,14900
VTH,11/26/2014,7.392592,7.392592,7.022963,7.022963,16200
VTH,11/27/2014,7.022963,7.207777,6.976758,7.207777,4500
VTH,11/28/2014,7.346388,7.531203,7.207777,7.531203,16200
VTH,12/1/2014,7.300185,7.531203,6.884351,7.531203,113500
VTH,12/2/2014,7.207777,7.854629,7.11537,7.854629,47300
VTH,12/3/2014,7.900833,8.640092,7.854629,8.640092,51500
VTH,12/4/2014,8.686296,9.102129,8.640092,8.640092,55100
VTH,12/5/2014,8.593888,8.87111,8.409074,8.778703,48000
VTH,12/8/2014,8.593888,9.009722,8.085648,8.085648,74500
VTH,12/9/2014,7.669814,7.716018,7.300185,7.300185,35500
VTH,12/10/2014,7.300185,7.62361,7.300185,7.62361,37800
VTH,12/11/2014,7.484999,7.484999,7.438796,7.484999,1900
VTH,12/12/2014,7.484999,7.716018,7.484999,7.669814,4000
VTH,12/15/2014,7.762222,7.762222,7.62361,7.716018,12500
VTH,12/16/2014,7.716018,7.716018,7.438796,7.62361,5200
VTH,12/17/2014,7.484999,7.62361,7.207777,7.531203,35900
VTH,12/18/2014,6.791944,7.808425,6.791944,7.392592,8100
VTH,12/19/2014,7.531203,7.577407,7.531203,7.577407,3400
VTH,12/22/2014,7.531203,7.531203,7.531203,7.531203,100
VTH,12/23/2014,7.392592,7.392592,7.161573,7.392592,1500
VTH,12/24/2014,7.392592,7.438796,7.11537,7.438796,7600
VTH,12/25/2014,7.438796,7.438796,7.11537,7.11537,11500
VTH,12/26/2014,7.300185,7.392592,7.161573,7.161573,5300
VTH,12/29/2014,6.976758,7.161573,6.930555,7.161573,10400
VTH,12/30/2014,6.976758,7.253981,6.884351,7.253981,21000
VTH,12/31/2014,7.346388,7.346388,7.346388,7.346388,2200
VTH,1/5/2015,7.346388,7.346388,7.069166,7.069166,7900
VTH,1/6/2015,7.207777,7.207777,7.207777,7.207777,300
VTH,1/7/2015,7.207777,7.207777,7.207777,7.207777,3400
VTH,1/8/2015,7.300185,7.300185,7.207777,7.207777,4700
VTH,1/9/2015,7.346388,7.346388,7.346388,7.346388,300
VTH,1/12/2015,6.976758,6.976758,6.976758,6.976758,2000
VTH,1/13/2015,7.161573,7.207777,7.11537,7.207777,1200
VTH,1/14/2015,7.207777,7.253981,7.11537,7.11537,1700
VTH,1/15/2015,7.022963,7.022963,7.022963,7.022963,1700
VTH,1/16/2015,7.253981,7.253981,7.253981,7.253981,200
VTH,1/19/2015,7.069166,7.253981,7.069166,7.253981,16400
VTH,1/20/2015,7.253981,7.762222,7.253981,7.669814,70900
VTH,1/21/2015,7.669814,7.716018,7.484999,7.716018,300
VTH,1/22/2015,7.854629,8.039444,7.854629,7.900833,30500
VTH,1/23/2015,7.716018,7.900833,7.716018,7.900833,14500
VTH,1/26/2015,7.900833,7.900833,7.762222,7.900833,21000
VTH,1/27/2015,7.900833,7.900833,7.577407,7.577407,41100
VTH,1/28/2015,7.716018,7.762222,7.716018,7.762222,2500
VTH,1/29/2015,7.808425,7.808425,7.392592,7.808425,12200
VTH,2/2/2015,7.392592,7.392592,7.253981,7.253981,9500
VTH,2/3/2015,7.253981,7.253981,7.253981,7.253981,3200
VTH,2/4/2015,7.11537,7.11537,6.884351,6.930555,29900
VTH,2/5/2015,6.884351,6.976758,6.699536,6.976758,17400
VTH,2/6/2015,6.976758,7.069166,6.930555,7.069166,4100
VTH,2/9/2015,7.069166,7.11537,7.022963,7.11537,2700
VTH,2/10/2015,7.069166,7.161573,7.069166,7.161573,1500
VTH,2/11/2015,7.253981,7.392592,7.207777,7.392592,4400
VTH,2/12/2015,7.161573,7.392592,7.161573,7.392592,1500
VTH,2/13/2015,7.392592,7.392592,7.392592,7.392592,3700
VTH,2/24/2015,7.531203,7.531203,7.531203,7.531203,600
VTH,2/25/2015,7.346388,7.392592,7.207777,7.207777,14700
VTH,2/26/2015,7.207777,7.207777,7.11537,7.207777,5700
VTH,2/27/2015,7.300185,7.300185,7.253981,7.253981,6000
VTH,3/2/2015,7.253981,7.300185,7.253981,7.300185,3000
VTH,3/3/2015,7.300185,7.392592,7.300185,7.346388,6000
VTH,3/4/2015,7.392592,7.392592,7.346388,7.392592,6000
VTH,3/5/2015,7.392592,7.392592,7.346388,7.392592,6000
VTH,3/6/2015,7.392592,7.392592,7.392592,7.392592,22100
VTH,3/9/2015,7.392592,7.716018,7.392592,7.716018,13700
VTH,3/10/2015,7.716018,7.762222,7.62361,7.62361,8500
VTH,3/11/2015,7.62361,7.669814,7.62361,7.669814,800
VTH,3/12/2015,7.577407,7.669814,7.438796,7.669814,19100
VTH,3/13/2015,7.669814,7.669814,7.531203,7.531203,6000
VTH,3/16/2015,7.62361,7.900833,7.62361,7.900833,5700
VTH,3/17/2015,7.854629,7.900833,7.854629,7.900833,6300
VTH,3/18/2015,7.947036,8.316666,7.947036,8.270462,47900
VTH,3/20/2015,8.270462,8.270462,8.224258,8.224258,17300
VTH,3/23/2015,8.178055,8.178055,8.085648,8.178055,12800
VTH,3/24/2015,7.854629,8.178055,7.808425,8.178055,18600
VTH,3/25/2015,7.669814,8.178055,7.62361,8.178055,5200
VTH,3/30/2015,7.716018,7.716018,7.531203,7.531203,11600
VTH,3/31/2015,7.531203,7.808425,7.531203,7.808425,600
VTH,4/1/2015,7.854629,7.854629,7.669814,7.762222,21600
VTH,4/2/2015,7.762222,7.947036,7.716018,7.900833,44500
VTH,4/3/2015,7.900833,7.900833,7.808425,7.854629,19000
VTH,4/6/2015,7.947036,7.947036,7.854629,7.854629,22200
VTH,4/7/2015,7.947036,7.947036,7.900833,7.947036,11100
VTH,4/8/2015,7.99324,8.039444,7.947036,7.99324,40400
VTH,4/9/2015,8.039444,8.131851,7.99324,8.085648,38700
VTH,4/10/2015,8.131851,8.316666,8.131851,8.316666,34200
VTH,4/13/2015,8.316666,8.362869,8.224258,8.224258,24300
VTH,4/14/2015,8.224258,8.224258,8.224258,8.224258,4600
VTH,4/15/2015,8.744786,8.744786,8.224263,8.224263,7200
VTH,4/16/2015,8.276316,8.276316,7.964002,8.016054,8100
VTH,4/17/2015,8.276316,8.276316,8.016054,8.016054,8400
VTH,4/20/2015,8.172211,8.172211,7.859897,8.068107,13300
VTH,4/21/2015,7.859897,8.016054,7.859897,7.964002,4600
VTH,4/22/2015,8.016054,8.016054,7.703741,7.964002,5700
VTH,4/23/2015,7.755793,7.91195,7.755793,7.91195,4100
VTH,4/24/2015,7.91195,7.91195,7.703741,7.91195,1600
VTH,4/27/2015,7.495531,7.91195,7.495531,7.91195,1800
VTH,5/4/2015,7.91195,7.91195,7.495531,7.807845,14200
VTH,5/5/2015,7.91195,7.91195,7.547584,7.807845,4400
VTH,5/6/2015,7.599636,7.755793,7.599636,7.755793,2100
VTH,5/7/2015,7.599636,7.807845,7.599636,7.807845,300
VTH,5/8/2015,7.859897,7.91195,7.755793,7.807845,3000
VTH,5/12/2015,7.91195,7.91195,7.547584,7.807845,6000
VTH,5/13/2015,7.807845,7.807845,7.807845,7.807845,2000
VTH,5/14/2015,7.807845,7.807845,7.807845,7.807845,1000
VTH,5/18/2015,7.547584,7.807845,7.547584,7.807845,700
VTH,5/19/2015,7.547584,7.807845,7.547584,7.807845,700
VTH,5/20/2015,7.547584,7.547584,7.547584,7.547584,2600
VTH,5/21/2015,7.547584,7.547584,7.547584,7.547584,2100
VTH,5/22/2015,7.547584,7.547584,7.547584,7.547584,3000
VTH,5/25/2015,7.547584,7.755793,7.547584,7.599636,4500
VTH,5/26/2015,7.651688,7.703741,7.651688,7.703741,1400
VTH,5/27/2015,7.599636,7.599636,7.599636,7.599636,4900
VTH,5/28/2015,7.599636,7.755793,7.599636,7.755793,600
VTH,6/1/2015,7.755793,7.755793,7.755793,7.755793,1200
VTH,6/2/2015,7.599636,7.599636,7.547584,7.547584,2200
VTH,6/3/2015,7.599636,7.599636,7.547584,7.547584,1600
VTH,6/4/2015,7.547584,7.547584,7.547584,7.547584,2100
VTH,6/8/2015,7.339374,7.443479,6.870903,7.391427,16600
VTH,6/9/2015,7.339374,7.495531,7.339374,7.391427,5200
VTH,6/10/2015,7.443479,7.443479,7.391427,7.391427,600
VTH,6/11/2015,7.391427,7.391427,7.391427,7.391427,200
VTH,6/12/2015,7.391427,7.391427,7.079113,7.391427,1700
VTH,6/15/2015,7.807845,7.91195,7.391427,7.495531,13100
VTH,6/16/2015,7.807845,7.807845,7.703741,7.703741,3700
VTH,6/18/2015,7.339374,7.339374,7.339374,7.339374,2100
VTH,6/19/2015,7.755793,7.755793,7.755793,7.755793,200
VTH,6/22/2015,8.276316,8.276316,8.016054,8.068107,1100
VTH,7/3/2015,7.703741,7.703741,7.703741,7.703741,300
VTH,7/7/2015,7.703741,7.703741,7.703741,7.703741,1000
VTH,7/9/2015,7.495531,7.703741,7.495531,7.703741,2200
VTH,7/10/2015,7.443479,7.495531,7.287322,7.495531,7400
VTH,7/13/2015,7.703741,7.703741,7.703741,7.703741,100
VTH,7/20/2015,7.079113,7.651688,7.027061,7.651688,5100
VTH,7/22/2015,7.547584,7.547584,7.547584,7.547584,8000
VTH,7/23/2015,7.599636,7.651688,7.391427,7.547584,10200
VTH,7/24/2015,7.391427,7.547584,7.391427,7.547584,3100
VTH,7/27/2015,7.599636,7.599636,7.547584,7.547584,200
VTH,7/28/2015,7.547584,7.547584,7.391427,7.495531,6100
VTH,7/29/2015,7.495531,7.495531,7.287322,7.495531,2300
VTH,7/30/2015,7.443479,7.495531,7.443479,7.495531,500
VTH,7/31/2015,7.495531,7.495531,7.443479,7.443479,700
VTH,8/3/2015,7.443479,7.443479,7.443479,7.443479,200
VTH,8/4/2015,7.443479,7.495531,7.443479,7.443479,13900
VTH,8/5/2015,7.495531,7.495531,7.443479,7.443479,300
VTH,8/6/2015,7.495531,7.651688,7.495531,7.495531,14400
VTH,8/7/2015,7.495531,7.547584,7.495531,7.495531,1200
VTH,8/10/2015,7.547584,7.547584,7.495531,7.495531,3100
VTH,8/11/2015,7.547584,7.547584,7.495531,7.547584,2800
VTH,8/12/2015,7.443479,7.443479,7.391427,7.443479,7300
VTH,8/13/2015,7.495531,7.495531,7.495531,7.495531,3200
VTH,8/14/2015,7.547584,7.547584,7.547584,7.547584,100
VTH,8/17/2015,7.547584,7.547584,7.391427,7.495531,500
VTH,8/18/2015,7.339374,7.495531,7.339374,7.495531,300
VTH,8/19/2015,7.495531,7.495531,7.495531,7.495531,100
VTH,8/21/2015,7.287322,7.495531,7.287322,7.495531,11100
VTH,8/24/2015,7.287322,7.339374,7.183218,7.339374,3800
VTH,8/26/2015,7.391427,7.391427,7.391427,7.391427,100
VTH,9/1/2015,7.23527,7.391427,7.23527,7.391427,1200
VTH,9/3/2015,7.287322,7.391427,7.287322,7.391427,1500
VTH,9/7/2015,7.391427,7.443479,7.391427,7.443479,1300
VTH,9/8/2015,7.443479,7.443479,7.443479,7.443479,1500
VTH,9/9/2015,7.287322,7.391427,7.287322,7.391427,400
VTH,9/10/2015,7.391427,7.391427,7.287322,7.287322,700
VTH,9/11/2015,7.443479,7.443479,7.443479,7.443479,100
VTH,9/14/2015,7.495531,7.495531,7.495531,7.495531,400
VTH,9/15/2015,7.287322,7.391427,7.287322,7.391427,2300
VTH,9/16/2015,7.391427,7.391427,7.287322,7.287322,2200
VTH,9/17/2015,7.287322,7.339374,7.183218,7.339374,5400
VTH,9/18/2015,7.391427,7.391427,7.391427,7.391427,100
VTH,9/21/2015,7.339374,7.339374,7.339374,7.339374,100
VTH,9/22/2015,7.339374,7.391427,7.339374,7.391427,800
VTH,9/24/2015,7.23527,7.443479,7.23527,7.443479,1200
VTH,9/28/2015,7.443479,7.443479,7.339374,7.339374,2700
VTH,9/29/2015,7.391427,7.547584,7.391427,7.547584,9000
VTH,9/30/2015,7.443479,7.443479,7.443479,7.443479,3000
VTH,10/1/2015,7.443479,7.495531,7.443479,7.495531,3700
VTH,10/2/2015,7.443479,7.443479,7.443479,7.443479,1000
VTH,10/5/2015,7.443479,7.495531,7.443479,7.495531,1300
VTH,10/6/2015,7.495531,7.495531,7.443479,7.495531,7500
VTH,10/7/2015,7.495531,7.547584,7.495531,7.547584,8000
VTH,10/8/2015,7.495531,7.547584,7.495531,7.547584,2900
VTH,10/9/2015,7.495531,7.547584,7.443479,7.547584,5200
VTH,10/14/2015,7.391427,7.547584,7.391427,7.547584,3100
VTH,10/15/2015,7.391427,7.495531,7.391427,7.495531,7100
VTH,10/16/2015,7.443479,7.547584,7.443479,7.547584,7800
VTH,10/19/2015,7.547584,7.547584,7.495531,7.547584,8000
VTH,10/20/2015,7.547584,8.276316,7.547584,7.807845,56800
VTH,10/21/2015,7.807845,8.328368,7.807845,8.172211,27200
VTH,10/22/2015,8.120159,8.120159,8.016054,8.120159,8500
VTH,10/23/2015,8.120159,8.172211,8.016054,8.120159,8500
VTH,10/26/2015,8.016054,8.068107,7.859897,7.964002,15100
VTH,10/27/2015,7.91195,7.964002,7.859897,7.964002,3200
VTH,10/28/2015,8.016054,8.328368,7.964002,8.224263,34400
VTH,10/29/2015,8.328368,8.796839,8.068107,8.744786,43200
VTH,10/30/2015,8.536577,8.536577,8.276316,8.276316,13700
VTH,11/2/2015,8.276316,8.380421,8.172211,8.172211,30000
VTH,11/3/2015,8.068107,8.380421,8.016054,8.172211,8100
VTH,11/4/2015,8.328368,8.328368,8.224263,8.328368,3500
VTH,11/5/2015,8.224263,8.224263,8.224263,8.224263,200
VTH,11/6/2015,8.224263,8.224263,8.068107,8.224263,11300
VTH,11/9/2015,8.120159,8.276316,8.068107,8.276316,1500
VTH,11/10/2015,8.120159,8.120159,8.120159,8.120159,5200
VTH,11/11/2015,8.068107,8.068107,8.016054,8.068107,13100
VTH,11/12/2015,8.016054,8.224263,7.859897,8.224263,2700
VTH,11/16/2015,8.068107,8.068107,8.016054,8.016054,7000
VTH,11/17/2015,7.964002,8.172211,7.964002,8.172211,2600
VTH,11/18/2015,8.328368,8.328368,8.068107,8.068107,6100
VTH,11/19/2015,8.016054,8.120159,8.016054,8.120159,7000
VTH,11/20/2015,8.120159,8.172211,8.120159,8.172211,12400
VTH,11/23/2015,8.172211,8.172211,8.172211,8.172211,500
VTH,11/24/2015,8.068107,8.172211,8.068107,8.172211,8000
VTH,11/25/2015,8.172211,8.172211,8.068107,8.172211,8900
VTH,11/26/2015,8.172211,8.224263,8.172211,8.224263,8800
VTH,11/27/2015,8.744786,8.744786,8.172211,8.276316,5400
VTH,12/1/2015,8.172211,8.172211,8.120159,8.120159,6700
VTH,12/2/2015,8.120159,8.120159,8.120159,8.120159,100
VTH,12/3/2015,8.120159,8.172211,8.120159,8.120159,28900
VTH,12/4/2015,8.120159,8.172211,8.120159,8.120159,21100
VTH,12/7/2015,8.224263,8.380421,8.224263,8.380421,23300
VTH,12/8/2015,8.380421,8.744786,8.328368,8.692734,42000
VTH,12/9/2015,8.484525,8.536577,8.380421,8.380421,27500
VTH,12/10/2015,8.432472,8.640682,8.432472,8.536577,10000
VTH,12/11/2015,8.58863,8.692734,8.484525,8.58863,17500
VTH,12/14/2015,8.58863,8.58863,8.224263,8.224263,4900
VTH,12/15/2015,8.276316,8.484525,8.276316,8.484525,8300
VTH,12/16/2015,8.536577,8.536577,8.380421,8.380421,5500
VTH,12/17/2015,8.328368,8.484525,8.328368,8.328368,27500
VTH,12/18/2015,8.328368,8.328368,8.224263,8.224263,27000
VTH,12/21/2015,8.276316,8.432472,8.276316,8.328368,3600
VTH,12/22/2015,8.276316,8.432472,8.224263,8.328368,12100
VTH,12/23/2015,8.380421,8.380421,8.328368,8.328368,600
VTH,12/24/2015,8.432472,9.161204,8.432472,9.0571,100700
VTH,12/25/2015,9.005048,9.317362,9.005048,9.109153,24300
VTH,12/28/2015,9.213257,9.317362,8.848891,8.848891,7800
VTH,12/29/2015,8.744786,8.796839,8.58863,8.796839,16400
VTH,12/30/2015,8.796839,8.796839,8.744786,8.796839,48200
VTH,12/31/2015,8.640682,8.692734,8.58863,8.640682,16800
VTH,1/4/2016,8.58863,8.640682,8.484525,8.58863,18300
VTH,1/5/2016,8.536577,8.692734,8.536577,8.692734,4100
VTH,1/6/2016,8.58863,8.640682,8.58863,8.640682,4600
VTH,1/7/2016,8.58863,8.58863,8.484525,8.58863,4900
VTH,1/8/2016,8.432472,8.58863,8.328368,8.484525,7300
VTH,1/11/2016,8.484525,8.484525,8.484525,8.484525,9100
VTH,1/12/2016,8.484525,8.484525,8.432472,8.484525,4800
VTH,1/13/2016,8.484525,8.484525,8.432472,8.432472,1800
VTH,1/14/2016,8.380421,8.432472,8.276316,8.432472,7600
VTH,1/15/2016,8.172211,8.432472,8.172211,8.432472,1100
VTH,1/18/2016,8.224263,8.224263,8.016054,8.172211,19100
VTH,1/19/2016,8.172211,8.224263,8.172211,8.224263,21500
VTH,1/20/2016,8.068107,8.224263,8.016054,8.172211,8900
VTH,1/21/2016,8.172211,8.172211,8.068107,8.120159,7100
VTH,1/22/2016,8.068107,8.172211,7.964002,8.172211,1000
VTH,1/25/2016,8.120159,8.328368,8.120159,8.328368,14900
VTH,1/26/2016,8.328368,8.328368,8.068107,8.276316,2000
VTH,1/28/2016,8.172211,8.172211,8.068107,8.068107,7100
VTH,1/29/2016,8.016054,8.224263,8.016054,8.224263,17800
VTH,2/1/2016,8.224263,8.224263,8.120159,8.224263,3900
VTH,2/2/2016,8.224263,8.224263,8.172211,8.224263,12400
VTH,2/3/2016,8.224263,8.224263,8.172211,8.172211,1100
VTH,2/5/2016,8.224263,8.328368,8.224263,8.328368,5300
VTH,2/15/2016,8.328368,8.328368,8.172211,8.328368,1200
VTH,2/16/2016,8.224263,8.224263,8.172211,8.224263,3000
VTH,2/17/2016,8.224263,8.380421,8.224263,8.380421,8700
VTH,2/18/2016,8.328368,8.328368,8.328368,8.328368,2000
VTH,2/19/2016,8.328368,8.692734,8.328368,8.58863,73200
VTH,2/22/2016,8.484525,8.744786,8.484525,8.58863,16000
VTH,2/23/2016,8.484525,8.692734,8.484525,8.58863,16400
VTH,2/24/2016,8.536577,8.58863,8.536577,8.536577,2800
VTH,2/25/2016,8.536577,8.58863,8.484525,8.58863,8100
VTH,2/26/2016,8.536577,8.58863,8.536577,8.536577,900
VTH,2/29/2016,8.536577,8.536577,8.536577,8.536577,700
VTH,3/1/2016,8.484525,8.536577,8.484525,8.536577,300
VTH,3/2/2016,8.484525,8.640682,8.484525,8.640682,23900
VTH,3/3/2016,8.536577,8.536577,8.432472,8.536577,18200
VTH,3/4/2016,8.484525,8.484525,8.484525,8.484525,1600
VTH,3/7/2016,8.484525,8.484525,8.432472,8.432472,5300
VTH,3/8/2016,8.380421,8.380421,8.328368,8.380421,29100
VTH,3/9/2016,8.328368,8.328368,8.328368,8.328368,2500
VTH,3/10/2016,8.380421,8.484525,8.380421,8.432472,4900
VTH,3/11/2016,8.484525,8.848891,8.484525,8.692734,55300
VTH,3/14/2016,8.744786,8.744786,8.640682,8.744786,6900
VTH,3/15/2016,8.692734,8.692734,8.536577,8.536577,8100
VTH,3/16/2016,8.536577,8.536577,8.484525,8.536577,10900
VTH,3/17/2016,8.536577,8.536577,8.536577,8.536577,4000
VTH,3/18/2016,8.58863,8.58863,8.484525,8.536577,13900
VTH,3/21/2016,8.744786,8.744786,8.536577,8.536577,5700
VTH,3/22/2016,8.484525,8.58863,8.484525,8.58863,25200
VTH,3/23/2016,8.58863,8.58863,8.484525,8.58863,24100
VTH,3/24/2016,8.536577,8.536577,8.484525,8.484525,7100
VTH,3/25/2016,8.536577,8.848891,8.536577,8.796839,42700
VTH,3/28/2016,8.796839,9.317362,8.796839,9.109153,24200
VTH,3/29/2016,9.109153,9.994041,9.109153,9.889937,130900
VTH,3/30/2016,9.785832,9.941989,9.577623,9.837885,21300
VTH,3/31/2016,9.681727,9.73378,8.952995,9.577623,22500
VTH,4/1/2016,9.265309,9.317362,9.109153,9.161204,12100
VTH,4/4/2016,9.005048,9.161204,8.640682,9.109153,14800
VTH,4/5/2016,8.952995,9.161204,8.848891,9.161204,1600
VTH,4/6/2016,9.369414,9.629676,9.161204,9.161204,1800
VTH,4/7/2016,8.900944,9.109153,8.848891,9.109153,12700
VTH,4/8/2016,9.0571,9.421466,8.900944,9.369414,9400
VTH,4/11/2016,9.473518,9.73378,9.421466,9.681727,35600
VTH,4/12/2016,9.473518,9.473518,9.473518,9.473518,13400
VTH,4/13/2016,9.369414,9.421466,9.109153,9.161204,29400
VTH,4/14/2016,9.213257,9.317362,9.109153,9.161204,12800
VTH,4/15/2016,9.161204,9.161204,9.161204,9.161204,14800
VTH,4/19/2016,9.161204,9.161204,9.005048,9.005048,11600
VTH,4/20/2016,8.796839,9.005048,8.796839,8.848891,11600
VTH,4/21/2016,8.848891,9.213257,8.848891,9.213257,12900
VTH,4/22/2016,8.952995,9.473518,8.952995,9.473518,15200
VTH,4/25/2016,9.109153,9.473518,9.0571,9.0571,15100
VTH,4/26/2016,9.0571,9.0571,8.900944,8.900944,12400
VTH,4/27/2016,8.952995,9.109153,8.952995,9.0571,9200
VTH,4/28/2016,9.109153,9.109153,9.005048,9.0571,15300
VTH,4/29/2016,8.952995,9.109153,8.900944,9.109153,10200
VTH,5/4/2016,9.109153,9.837885,9.109153,9.525571,86300
VTH,5/5/2016,9.577623,9.681727,9.369414,9.369414,30900
VTH,5/6/2016,10.30636,10.30636,9.369414,9.421466,76300
VTH,5/9/2016,9.629676,9.837885,9.421466,9.629676,53200
VTH,5/10/2016,9.421466,9.421466,9.317362,9.317362,15500
VTH,5/11/2016,9.375952,9.375952,8.907154,9.317352,1600
VTH,5/12/2016,9.317352,9.434551,9.141553,9.141553,3200
VTH,5/13/2016,9.141553,9.141553,9.024354,9.024354,2100
VTH,5/16/2016,8.848555,8.848555,8.555556,8.789955,6800
VTH,5/17/2016,8.555556,8.907154,8.496957,8.907154,12400
VTH,5/18/2016,8.907154,8.907154,8.789955,8.789955,400
VTH,5/19/2016,8.672755,8.789955,8.672755,8.789955,1800
VTH,5/20/2016,8.965755,8.965755,8.965755,8.965755,600
VTH,5/23/2016,8.848555,8.965755,8.848555,8.965755,500
VTH,5/24/2016,8.965755,9.082953,8.789955,8.965755,12400
VTH,5/25/2016,8.848555,8.848555,8.848555,8.848555,2000
VTH,5/26/2016,8.965755,8.965755,8.848555,8.848555,2400
VTH,5/27/2016,8.848555,8.848555,8.848555,8.848555,100
VTH,5/30/2016,8.789955,8.848555,8.789955,8.789955,4500
VTH,5/31/2016,8.907154,8.907154,8.789955,8.789955,1300
VTH,6/1/2016,8.789955,9.024354,8.789955,8.789955,14200
VTH,6/2/2016,8.907154,8.965755,8.907154,8.965755,9500
VTH,6/3/2016,9.024354,9.024354,8.789955,8.789955,31200
VTH,6/6/2016,8.907154,8.907154,8.731356,8.789955,18600
VTH,6/7/2016,8.789955,8.907154,8.555556,8.555556,22100
VTH,6/8/2016,8.555556,8.672755,8.555556,8.614156,3700
VTH,6/9/2016,8.614156,8.731356,8.614156,8.731356,7700
VTH,6/10/2016,8.907154,8.907154,8.789955,8.848555,2700
VTH,6/13/2016,8.848555,8.848555,8.672755,8.672755,800
VTH,6/14/2016,8.614156,9.024354,8.614156,8.731356,13600
VTH,6/15/2016,8.731356,8.965755,8.731356,8.965755,4200
VTH,6/16/2016,8.907154,8.907154,8.731356,8.731356,24000
VTH,6/17/2016,8.907154,8.907154,8.731356,8.907154,11400
VTH,6/20/2016,9.024354,9.024354,8.789955,8.789955,1600
VTH,6/21/2016,8.965755,8.965755,8.789955,8.789955,16100
VTH,6/22/2016,8.848555,8.848555,8.789955,8.789955,4100
VTH,6/23/2016,8.789955,8.907154,8.731356,8.907154,17100
VTH,6/24/2016,8.907154,8.907154,8.496957,8.672755,23500
VTH,6/27/2016,8.789955,8.907154,8.672755,8.672755,7900
VTH,6/28/2016,8.907154,8.907154,8.672755,8.672755,3500
VTH,6/29/2016,8.789955,8.907154,8.731356,8.907154,31500
VTH,6/30/2016,8.907154,8.965755,8.907154,8.907154,22100
VTH,7/1/2016,8.907154,8.907154,8.789955,8.789955,2400
VTH,7/4/2016,8.907154,8.907154,8.731356,8.848555,12900
VTH,7/5/2016,8.907154,8.907154,8.496957,8.907154,37900
VTH,7/6/2016,8.789955,8.789955,8.789955,8.789955,1800
VTH,7/7/2016,8.907154,9.375952,8.672755,9.375952,87100
VTH,7/8/2016,9.375952,9.434551,9.082953,9.317352,24900
VTH,7/11/2016,9.375952,9.375952,9.024354,9.141553,4500
VTH,7/12/2016,9.082953,9.082953,9.024354,9.082953,3600
VTH,7/13/2016,9.258753,9.258753,8.789955,9.024354,9800
VTH,7/14/2016,9.024354,9.024354,8.907154,8.907154,4500
VTH,7/15/2016,8.907154,8.965755,8.848555,8.965755,25600
VTH,7/18/2016,8.965755,9.082953,8.907154,9.082953,11200
VTH,7/19/2016,9.082953,9.082953,8.907154,9.024354,3600
VTH,7/20/2016,9.024354,9.024354,8.789955,8.965755,10600
VTH,7/21/2016,8.848555,8.848555,8.438356,8.614156,33800
VTH,7/22/2016,8.614156,8.614156,8.438356,8.496957,21500
VTH,7/26/2016,8.496957,8.731356,8.496957,8.672755,12100
VTH,7/27/2016,8.672755,8.848555,8.672755,8.789955,12500
VTH,7/28/2016,8.555556,8.614156,8.496957,8.614156,16300
VTH,7/29/2016,8.555556,8.555556,8.321157,8.496957,11200
VTH,8/1/2016,8.496957,8.496957,8.379757,8.379757,5400
VTH,8/2/2016,8.321157,8.321157,8.203958,8.321157,5400
VTH,8/3/2016,8.321157,8.321157,8.086759,8.262558,3200
VTH,8/4/2016,8.203958,8.203958,8.086759,8.145358,5200
VTH,8/5/2016,8.145358,8.145358,8.145358,8.145358,2200
VTH,8/9/2016,8.203958,8.203958,8.028159,8.086759,4600
VTH,8/10/2016,8.086759,8.145358,8.086759,8.145358,3000
VTH,8/11/2016,8.145358,8.145358,8.028159,8.028159,2200
VTH,8/12/2016,7.91096,7.969559,7.79376,7.85236,7400
VTH,8/15/2016,7.85236,7.85236,7.617961,7.676561,17800
VTH,8/16/2016,7.676561,7.676561,7.617961,7.617961,9700
VTH,8/17/2016,7.85236,7.85236,7.85236,7.85236,700
VTH,8/18/2016,7.79376,7.79376,7.500762,7.79376,10500
VTH,8/19/2016,7.676561,7.676561,7.500762,7.500762,4500
VTH,8/22/2016,7.79376,7.85236,7.500762,7.617961,11800
VTH,8/23/2016,7.617961,7.617961,7.500762,7.500762,2100
VTH,8/24/2016,7.500762,7.617961,7.500762,7.500762,9300
VTH,8/25/2016,7.500762,7.559361,7.500762,7.500762,2900
VTH,8/26/2016,7.500762,7.500762,7.500762,7.500762,200
VTH,8/29/2016,7.617961,7.617961,7.617961,7.617961,1200
VTH,8/31/2016,7.617961,7.617961,7.617961,7.617961,3000
VTH,9/1/2016,7.617961,7.617961,7.617961,7.617961,200
VTH,9/5/2016,7.559361,7.559361,7.559361,7.559361,100
VTH,9/6/2016,7.676561,7.676561,7.559361,7.559361,400
VTH,9/7/2016,7.500762,7.500762,7.266363,7.266363,1500
VTH,9/8/2016,7.207763,7.383562,7.031964,7.090564,2000
VTH,9/9/2016,7.149163,7.500762,7.149163,7.500762,4500
VTH,9/12/2016,7.207763,7.442162,7.207763,7.442162,5200
VTH,9/13/2016,7.090564,7.324963,7.090564,7.324963,700
VTH,9/14/2016,7.149163,7.149163,7.031964,7.031964,10000
VTH,9/15/2016,7.031964,7.090564,7.031964,7.031964,800
VTH,9/16/2016,7.090564,7.090564,7.090564,7.090564,1000
VTH,9/19/2016,7.090564,7.090564,7.090564,7.090564,3000
VTH,9/20/2016,7.090564,7.090564,6.973364,6.973364,3700
VTH,9/21/2016,6.914764,7.090564,6.797565,7.090564,5100
VTH,9/22/2016,6.856165,6.856165,6.856165,6.856165,2400
VTH,9/23/2016,7.031964,7.031964,7.031964,7.031964,100
VTH,9/26/2016,6.973364,6.973364,6.856165,6.914764,4000
VTH,9/27/2016,6.973364,6.973364,6.914764,6.914764,1000
VTH,9/28/2016,6.914764,6.914764,6.856165,6.914764,7800
VTH,9/29/2016,6.797565,6.973364,6.797565,6.973364,600
VTH,9/30/2016,6.973364,6.973364,6.797565,6.856165,6500
VTH,10/3/2016,6.914764,6.973364,6.914764,6.973364,2000
VTH,10/4/2016,6.973364,6.973364,6.504567,6.563167,1600
VTH,10/5/2016,6.738966,6.738966,6.680366,6.680366,1700
VTH,10/6/2016,6.856165,6.973364,6.856165,6.973364,200
VTH,10/11/2016,6.328768,6.680366,6.328768,6.328768,3900
VTH,10/12/2016,6.563167,6.680366,6.563167,6.680366,1700
VTH,10/17/2016,6.680366,6.680366,6.680366,6.680366,200
VTH,10/18/2016,6.563167,6.621766,6.563167,6.621766,1100
VTH,10/19/2016,6.504567,6.504567,6.445967,6.445967,1200
VTH,10/20/2016,6.152968,6.504567,5.80137,6.445967,3800
VTH,10/21/2016,6.387367,6.445967,6.270168,6.445967,300
VTH,10/24/2016,6.387367,6.445967,6.328768,6.445967,300
VTH,10/25/2016,6.328768,6.387367,6.094369,6.328768,1800
VTH,10/26/2016,6.211568,6.211568,5.85997,6.094369,5600
VTH,10/31/2016,5.85997,5.85997,5.85997,5.85997,1400
VTH,11/1/2016,5.85997,5.85997,5.391172,5.742771,3500
VTH,11/2/2016,5.273973,5.85997,5.215374,5.742771,2500
VTH,11/3/2016,5.449772,5.625571,5.215374,5.625571,3400
VTH,11/4/2016,5.566971,5.566971,5.332573,5.508372,1500
VTH,11/7/2016,5.156774,5.449772,5.098174,5.273973,5200
VTH,11/8/2016,4.922375,5.391172,4.922375,5.332573,3400
VTH,11/9/2016,5.273973,5.332573,4.805175,5.215374,4700
VTH,11/10/2016,5.215374,5.273973,4.863775,5.098174,3800
VTH,11/11/2016,5.273973,5.566971,4.980975,5.508372,9000
VTH,11/14/2016,5.566971,5.566971,5.566971,5.566971,100
VTH,11/16/2016,5.508372,5.684171,5.508372,5.684171,1300
VTH,11/18/2016,5.273973,5.684171,5.273973,5.684171,300
VTH,11/22/2016,5.215374,5.215374,5.215374,5.215374,500
VTH,11/23/2016,5.273973,5.273973,5.273973,5.273973,1100
VTH,11/24/2016,5.273973,5.684171,5.273973,5.332573,3500
VTH,11/25/2016,5.566971,5.566971,5.566971,5.566971,1000
VTH,11/28/2016,5.566971,5.80137,5.566971,5.80137,800
VTH,12/1/2016,5.742771,5.85997,5.742771,5.85997,3200
VTH,12/2/2016,5.742771,5.742771,5.566971,5.566971,10200
VTH,12/5/2016,5.566971,5.80137,5.566971,5.80137,1600
VTH,12/6/2016,5.625571,5.80137,5.625571,5.80137,1100
VTH,12/8/2016,5.80137,6.328768,5.80137,5.91857,17700
VTH,12/9/2016,5.91857,5.91857,5.91857,5.91857,1300
VTH,12/12/2016,5.684171,5.684171,5.684171,5.684171,100
VTH,12/13/2016,5.684171,6.211568,5.684171,6.152968,3900
VTH,12/14/2016,5.91857,5.91857,5.91857,5.91857,300
VTH,12/15/2016,5.91857,5.91857,5.91857,5.91857,400
VTH,12/16/2016,5.85997,5.85997,5.85997,5.85997,2100
VTH,12/21/2016,5.85997,5.85997,5.85997,5.85997,100
VTH,12/23/2016,6.328768,6.328768,6.328768,6.328768,100
VTH,1/4/2017,6.328768,6.387367,5.742771,6.387367,1000
VTH,1/5/2017,6.328768,6.387367,5.97717,5.97717,4300
VTH,1/6/2017,6.445967,6.445967,6.445967,6.445967,1100
VTH,1/11/2017,6.680366,6.680366,6.445967,6.445967,200
VTH,1/18/2017,6.914764,6.914764,6.856165,6.914764,2500
VTH,1/19/2017,6.856165,6.914764,6.856165,6.914764,400
VTH,1/23/2017,6.914764,6.914764,6.914764,6.914764,200
VTH,1/24/2017,6.621766,6.621766,6.621766,6.621766,500
VTH,1/25/2017,6.445967,6.445967,6.094369,6.094369,1100
VTH,2/6/2017,6.094369,6.094369,6.094369,6.094369,100
VTH,2/7/2017,5.97717,5.97717,5.97717,5.97717,200
VTH,2/8/2017,6.387367,6.563167,5.97717,6.211568,3500
VTH,2/9/2017,6.270168,6.738966,6.094369,6.094369,4100
VTH,2/10/2017,6.563167,6.680366,5.742771,6.680366,3600
VTH,2/13/2017,6.270168,6.270168,6.270168,6.270168,100
VTH,2/14/2017,6.211568,6.211568,6.211568,6.211568,400
VTH,2/15/2017,6.152968,6.152968,5.625571,5.97717,3100
VTH,2/16/2017,5.742771,5.742771,5.742771,5.742771,100
VTH,2/17/2017,5.97717,6.094369,5.742771,5.80137,1700
VTH,2/20/2017,6.211568,6.328768,5.80137,5.85997,3300
VTH,2/21/2017,5.80137,5.80137,5.80137,5.80137,100
VTH,2/22/2017,5.80137,5.80137,5.742771,5.742771,2200
VTH,2/23/2017,6.094369,6.211568,5.625571,5.80137,3400
VTH,2/24/2017,6.035769,6.094369,5.625571,5.625571,600
VTH,2/27/2017,6.094369,6.152968,5.80137,5.85997,4500
VTH,2/28/2017,5.85997,5.85997,5.742771,5.742771,12500
VTH,3/1/2017,6.094369,6.152968,5.742771,5.742771,1800
VTH,3/2/2017,5.85997,6.035769,5.85997,6.035769,200
VTH,3/3/2017,6.152968,6.270168,5.85997,5.85997,4600
VTH,3/6/2017,5.97717,5.97717,5.97717,5.97717,300
VTH,3/7/2017,6.328768,6.328768,6.328768,6.328768,300
VTH,3/8/2017,6.328768,6.445967,6.094369,6.094369,2100
VTH,3/9/2017,6.445967,6.621766,6.035769,6.270168,5000
VTH,3/10/2017,6.211568,6.621766,5.85997,5.85997,4500
VTH,3/13/2017,6.328768,6.445967,6.035769,6.035769,2800
VTH,3/14/2017,6.563167,6.621766,5.85997,5.97717,8700
VTH,3/15/2017,5.97717,6.563167,5.97717,5.97717,6400
VTH,3/16/2017,6.445967,6.563167,6.035769,6.563167,5800
VTH,3/17/2017,6.563167,6.563167,6.328768,6.328768,5000
VTH,3/20/2017,6.445967,6.914764,6.211568,6.445967,32200
VTH,3/21/2017,6.445967,6.445967,6.211568,6.211568,1100
VTH,3/22/2017,6.152968,6.797565,6.035769,6.270168,6100
VTH,3/23/2017,6.856165,6.856165,6.270168,6.270168,1400
VTH,3/24/2017,6.797565,6.856165,6.094369,6.094369,21100
VTH,3/27/2017,6.211568,6.680366,6.152968,6.152968,8700
VTH,3/28/2017,6.270168,6.738966,6.152968,6.152968,4300
VTH,3/29/2017,6.738966,6.738966,6.152968,6.211568,11400
VTH,3/30/2017,6.445967,6.445967,6.211568,6.270168,900
VTH,3/31/2017,6.621766,6.856165,6.270168,6.504567,20600
VTH,4/3/2017,6.856165,7.149163,6.328768,6.504567,17200
VTH,4/4/2017,6.445967,7.149163,6.387367,6.621766,14800
VTH,4/5/2017,6.914764,7.266363,6.563167,7.266363,35200
VTH,4/7/2017,7.324963,7.324963,6.680366,6.680366,1100
VTH,4/10/2017,7.207763,7.324963,6.563167,6.563167,56300
VTH,4/11/2017,7.207763,7.207763,6.797565,6.914764,4700
VTH,4/12/2017,7.031964,7.266363,6.797565,7.266363,400
VTH,4/14/2017,7.207763,7.266363,6.680366,7.266363,4300
VTH,4/17/2017,6.973364,6.973364,6.914764,6.914764,200
VTH,4/18/2017,6.738966,7.266363,6.738966,7.266363,200
VTH,4/19/2017,7.266363,7.383562,6.738966,6.856165,4600
VTH,4/20/2017,7.500762,7.500762,6.680366,6.680366,22300
VTH,4/21/2017,6.738966,7.324963,6.738966,7.324963,3800
VTH,4/25/2017,7.324963,7.324963,6.973364,6.973364,4300
VTH,4/26/2017,7.031964,7.031964,7.031964,7.031964,100
VTH,4/27/2017,6.973364,6.973364,6.973364,6.973364,500
VTH,5/3/2017,6.856165,6.856165,6.445967,6.621766,11700
VTH,5/4/2017,7.266363,7.266363,6.621766,7.266363,8600
VTH,5/5/2017,7.266363,7.266363,7.266363,7.266363,0
VTH,5/8/2017,7.266363,7.266363,7.266363,7.266363,0
VTH,5/9/2017,7.031964,7.207763,6.856165,7.031964,9000
VTH,5/10/2017,7.031964,7.031964,7.031964,7.031964,0
VTH,5/11/2017,6.856165,6.856165,6.856165,6.856165,300
VTH,5/12/2017,7.090564,7.500762,6.797565,6.856165,9000
VTH,5/15/2017,7.442162,7.500762,6.914764,6.914764,23300
VTH,5/16/2017,6.914764,6.914764,6.914764,6.914764,2600
VTH,5/17/2017,6.973364,7.559361,6.973364,6.973364,4400
VTH,5/18/2017,7.034538,7.646237,6.973369,7.646237,77600
VTH,5/19/2017,7.340388,7.340388,7.340388,7.340388,4100
VTH,5/22/2017,7.218048,8.013257,7.218048,8.013257,5400
VTH,5/23/2017,7.279218,7.279218,7.218048,7.218048,2900
VTH,5/24/2017,7.829747,7.829747,7.279218,7.279218,2100
VTH,5/25/2017,7.279218,7.279218,7.279218,7.279218,0
VTH,5/26/2017,7.401558,7.707407,7.156878,7.218048,20400
VTH,5/29/2017,7.095708,7.890917,7.095708,7.218048,50700
VTH,5/30/2017,7.279218,7.340388,7.279218,7.340388,5200
VTH,5/31/2017,7.218048,7.829747,7.218048,7.829747,6100
VTH,6/1/2017,7.829747,7.829747,7.768577,7.829747,15400
VTH,6/2/2017,7.829747,7.829747,7.829747,7.829747,0
VTH,6/5/2017,8.380277,8.380277,8.380277,8.380277,100
VTH,6/6/2017,7.646237,7.707407,7.646237,7.707407,6000
VTH,6/7/2017,7.340388,7.340388,7.340388,7.340388,100
VTH,6/8/2017,7.340388,7.340388,7.340388,7.340388,0
VTH,6/9/2017,7.218048,7.218048,7.218048,7.218048,100
VTH,6/12/2017,7.707407,7.707407,7.707407,7.707407,100
VTH,6/13/2017,7.340388,7.340388,7.340388,7.340388,100
VTH,6/14/2017,7.340388,7.340388,7.340388,7.340388,0
VTH,6/15/2017,7.340388,7.340388,7.340388,7.340388,0
VTH,6/16/2017,7.340388,7.340388,7.340388,7.340388,0
VTH,6/19/2017,7.401558,7.462728,7.279218,7.279218,8800
VTH,6/20/2017,7.401558,7.401558,7.401558,7.401558,100
VTH,6/21/2017,7.401558,7.401558,7.401558,7.401558,0
VTH,6/22/2017,7.401558,7.829747,7.401558,7.829747,200
VTH,6/23/2017,7.340388,7.340388,7.340388,7.340388,100
VTH,6/26/2017,7.218048,7.646237,7.218048,7.646237,1600
VTH,6/27/2017,7.646237,7.646237,7.646237,7.646237,0
VTH,6/28/2017,7.646237,7.646237,7.646237,7.646237,0
VTH,6/29/2017,7.218048,7.218048,7.218048,7.218048,100
VTH,6/30/2017,7.279218,7.279218,7.279218,7.279218,200
VTH,7/3/2017,7.279218,7.279218,7.279218,7.279218,0
VTH,7/4/2017,7.279218,7.279218,7.279218,7.279218,0
VTH,7/5/2017,7.829747,7.829747,7.218048,7.218048,600
VTH,7/6/2017,7.218048,7.218048,7.218048,7.218048,0
VTH,7/7/2017,7.218048,7.218048,7.218048,7.218048,0
VTH,7/10/2017,7.218048,7.218048,6.728689,6.728689,2200
VTH,7/11/2017,7.218048,7.218048,6.606349,6.789859,2000
VTH,7/12/2017,7.340388,7.462728,6.912199,6.912199,4500
VTH,7/13/2017,7.218048,7.585068,7.095708,7.095708,168500
VTH,7/14/2017,7.095708,7.095708,7.095708,7.095708,0
VTH,7/17/2017,7.095708,7.095708,7.095708,7.095708,0
VTH,7/18/2017,7.095708,7.095708,7.095708,7.095708,0
VTH,7/19/2017,7.095708,7.095708,7.095708,7.095708,0
VTH,7/20/2017,7.156878,7.156878,7.095708,7.095708,700
VTH,7/21/2017,7.095708,7.095708,7.095708,7.095708,0
VTH,7/24/2017,7.095708,7.095708,7.095708,7.095708,0
VTH,7/25/2017,7.095708,7.095708,7.095708,7.095708,0
VTH,7/26/2017,6.973369,6.973369,6.973369,6.973369,200
VTH,7/27/2017,6.973369,6.973369,6.973369,6.973369,0
VTH,7/28/2017,7.401558,7.401558,7.401558,7.401558,200
VTH,7/31/2017,7.401558,7.401558,7.401558,7.401558,0
VTH,8/1/2017,7.034538,7.034538,7.034538,7.034538,100
VTH,8/2/2017,7.034538,7.034538,7.034538,7.034538,0
VTH,8/3/2017,7.279218,7.646237,7.095708,7.585068,49700
VTH,8/4/2017,7.585068,7.585068,7.585068,7.585068,500
VTH,8/7/2017,7.585068,7.646237,7.095708,7.095708,75100
VTH,8/8/2017,7.279218,7.279218,7.279218,7.279218,500
VTH,8/9/2017,7.156878,7.218048,7.034538,7.218048,4000
VTH,8/10/2017,7.218048,7.218048,7.218048,7.218048,0
VTH,8/11/2017,7.095708,7.095708,7.095708,7.095708,100
VTH,8/14/2017,7.095708,7.095708,7.095708,7.095708,0
VTH,8/15/2017,7.095708,7.095708,7.095708,7.095708,0
VTH,8/16/2017,7.034538,7.034538,6.606349,6.728689,5500
VTH,8/17/2017,7.401558,7.401558,6.11699,6.851029,10800
VTH,8/18/2017,6.851029,6.851029,6.851029,6.851029,0
VTH,8/21/2017,6.851029,6.851029,6.851029,6.851029,0
VTH,8/22/2017,6.851029,6.851029,6.851029,6.851029,0
VTH,8/23/2017,6.851029,6.851029,6.851029,6.851029,0
VTH,8/24/2017,6.17816,7.279218,6.17816,7.279218,200
VTH,8/25/2017,7.279218,7.279218,7.279218,7.279218,0
VTH,8/28/2017,7.279218,7.279218,7.279218,7.279218,0
VTH,8/29/2017,7.279218,7.279218,7.279218,7.279218,0
VTH,8/30/2017,7.279218,7.279218,7.279218,7.279218,0
VTH,8/31/2017,7.279218,7.279218,7.279218,7.279218,0
VTH,9/1/2017,7.279218,7.279218,7.279218,7.279218,0
VTH,9/5/2017,6.728689,6.728689,6.606349,6.606349,5800
VTH,9/6/2017,6.23933,6.23933,6.23933,6.23933,100
VTH,9/7/2017,6.789859,6.851029,6.789859,6.851029,400
VTH,9/8/2017,7.523898,7.523898,7.523898,7.523898,100
VTH,9/11/2017,6.789859,6.789859,6.789859,6.789859,600
VTH,9/12/2017,6.789859,6.789859,6.484009,6.484009,10900
VTH,9/13/2017,6.3005,6.3005,6.3005,6.3005,100
VTH,9/14/2017,6.728689,6.912199,6.728689,6.912199,200
VTH,9/15/2017,6.912199,6.912199,6.912199,6.912199,0
VTH,9/18/2017,6.545179,6.545179,6.545179,6.545179,200
VTH,9/19/2017,6.545179,6.545179,6.545179,6.545179,0
VTH,9/20/2017,6.545179,6.545179,6.545179,6.545179,0
VTH,9/21/2017,6.851029,6.851029,6.851029,6.851029,300
VTH,9/22/2017,6.851029,6.851029,6.851029,6.851029,0
VTH,9/25/2017,6.851029,6.851029,6.851029,6.851029,0
VTH,9/26/2017,6.851029,6.851029,6.851029,6.851029,0
VTH,9/27/2017,6.851029,6.851029,6.851029,6.851029,0
VTH,9/28/2017,6.851029,6.851029,6.851029,6.851029,0
VTH,9/29/2017,6.851029,6.851029,6.851029,6.851029,800
VTH,10/2/2017,6.728689,6.728689,6.728689,6.728689,500
VTH,10/3/2017,6.728689,6.728689,6.728689,6.728689,0
VTH,10/4/2017,6.728689,6.728689,6.728689,6.728689,0
VTH,10/5/2017,6.728689,6.728689,6.728689,6.728689,0
VTH,10/6/2017,6.728689,6.728689,6.728689,6.728689,0
VTH,10/9/2017,6.728689,6.728689,6.728689,6.728689,0
VTH,10/10/2017,6.728689,6.728689,6.728689,6.728689,0
VTH,10/11/2017,6.728689,6.728689,6.728689,6.728689,4500
VTH,10/12/2017,6.728689,6.728689,6.728689,6.728689,0
VTH,10/13/2017,6.728689,6.728689,6.728689,6.728689,1000
VTH,10/16/2017,6.728689,6.728689,6.728689,6.728689,100
VTH,10/17/2017,6.728689,6.728689,6.728689,6.728689,0
VTH,10/18/2017,6.728689,6.728689,6.728689,6.728689,0
VTH,10/19/2017,6.728689,6.728689,6.728689,6.728689,0
VTH,10/20/2017,6.728689,6.728689,6.728689,6.728689,0
VTH,10/23/2017,6.728689,6.728689,6.728689,6.728689,0
VTH,10/24/2017,6.728689,6.728689,6.728689,6.728689,0
VTH,10/25/2017,6.728689,6.728689,6.728689,6.728689,0
VTH,10/26/2017,6.728689,6.728689,6.728689,6.728689,0
VTH,10/27/2017,6.728689,6.728689,6.728689,6.728689,0
VTH,10/30/2017,6.728689,6.728689,6.728689,6.728689,0
VTH,10/31/2017,6.728689,6.728689,6.728689,6.728689,0
VTH,11/1/2017,6.728689,6.728689,6.728689,6.728689,0
VTH,11/2/2017,6.728689,6.728689,6.728689,6.728689,0
VTH,11/3/2017,6.728689,6.728689,6.728689,6.728689,0
VTH,11/6/2017,6.728689,6.728689,6.728689,6.728689,0
VTH,11/7/2017,6.728689,6.728689,6.728689,6.728689,0
VTH,11/8/2017,6.728689,6.728689,6.728689,6.728689,0
VTH,11/9/2017,7.340388,7.340388,7.340388,7.340388,16500
VTH,11/10/2017,7.340388,7.340388,7.340388,7.340388,0
VTH,11/13/2017,6.606349,6.606349,6.606349,6.606349,5000
VTH,11/14/2017,6.606349,6.606349,6.606349,6.606349,0
VTH,11/15/2017,6.606349,6.606349,6.606349,6.606349,0
VTH,11/16/2017,6.606349,6.606349,6.606349,6.606349,0
VTH,11/17/2017,6.606349,6.606349,6.606349,6.606349,0
VTH,11/20/2017,6.606349,6.606349,6.606349,6.606349,100
VTH,11/21/2017,7.218048,7.218048,6.36167,6.42284,22100
VTH,11/22/2017,6.42284,6.42284,6.42284,6.42284,0
VTH,11/23/2017,6.484009,6.484009,6.23933,6.484009,30300
VTH,11/24/2017,7.034538,7.095708,6.23933,6.23933,4000
VTH,11/27/2017,6.3005,6.851029,6.23933,6.23933,17500
VTH,11/28/2017,6.728689,6.851029,6.23933,6.23933,800
VTH,11/29/2017,6.728689,6.851029,6.3005,6.3005,5400
VTH,11/30/2017,6.851029,6.912199,6.3005,6.42284,2800
VTH,12/1/2017,7.034538,7.034538,6.484009,6.484009,15600
VTH,12/4/2017,6.484009,6.484009,6.484009,6.484009,0
VTH,12/5/2017,6.484009,6.484009,6.484009,6.484009,0
VTH,12/6/2017,6.484009,6.484009,6.484009,6.484009,0
VTH,12/7/2017,7.095708,7.095708,7.095708,7.095708,600
VTH,12/8/2017,7.095708,7.095708,7.095708,7.095708,0
VTH,12/11/2017,7.095708,7.095708,7.095708,7.095708,31400
VTH,12/12/2017,7.340388,7.340388,7.340388,7.340388,5000
VTH,12/13/2017,7.340388,7.340388,7.340388,7.340388,0
VTH,12/14/2017,7.340388,7.340388,7.340388,7.340388,4800
VTH,12/15/2017,7.340388,7.340388,7.340388,7.340388,0
VTH,12/18/2017,7.340388,7.340388,7.340388,7.340388,0
VTH,12/19/2017,7.462728,8.074427,7.462728,8.074427,300
VTH,12/20/2017,7.829747,8.869636,7.829747,8.869636,14500
VTH,12/21/2017,8.869636,8.869636,8.869636,8.869636,0
VTH,12/22/2017,9.175485,9.726014,9.175485,9.481335,20500
VTH,12/25/2017,9.481335,9.481335,9.481335,9.481335,0
VTH,12/26/2017,9.481335,9.481335,9.481335,9.481335,0
VTH,12/27/2017,8.869636,8.869636,8.869636,8.869636,27000
VTH,12/28/2017,8.869636,8.869636,8.869636,8.869636,0
VTH,12/29/2017,8.869636,8.869636,8.869636,8.869636,0
VTH,1/2/2018,8.563786,9.481335,8.563786,9.481335,50400
VTH,1/3/2018,8.563786,9.542504,8.563786,9.542504,32500
VTH,1/4/2018,9.542504,9.542504,9.542504,9.542504,0
VTH,1/5/2018,9.542504,9.542504,9.542504,9.542504,0
VTH,1/8/2018,9.542504,9.542504,9.542504,9.542504,0
VTH,1/9/2018,9.481335,10.39888,8.869636,8.869636,23100
VTH,1/10/2018,8.869636,8.869636,8.869636,8.869636,0
VTH,1/11/2018,8.869636,8.869636,8.869636,8.869636,0
VTH,1/12/2018,8.869636,8.869636,8.869636,8.869636,0
VTH,1/15/2018,8.869636,8.869636,8.869636,8.869636,0
VTH,1/16/2018,8.869636,8.869636,8.869636,8.869636,0
VTH,1/17/2018,9.726014,9.726014,9.726014,9.726014,2000
VTH,1/18/2018,9.726014,9.726014,9.726014,9.726014,0
VTH,1/19/2018,9.726014,9.726014,9.726014,9.726014,0
VTH,1/22/2018,9.726014,9.726014,9.726014,9.726014,0
VTH,1/23/2018,9.726014,9.726014,9.726014,9.726014,0
VTH,1/24/2018,9.726014,9.726014,9.726014,9.726014,0
VTH,1/25/2018,9.726014,9.726014,9.726014,9.726014,0
VTH,1/26/2018,9.726014,9.726014,9.726014,9.726014,0
VTH,1/29/2018,9.726014,9.726014,9.726014,9.726014,0
VTH,1/30/2018,9.726014,9.726014,9.726014,9.726014,300
VTH,1/31/2018,9.726014,9.726014,9.726014,9.726014,0
VTH,2/1/2018,9.175485,9.175485,8.808466,8.808466,4300
VTH,2/2/2018,8.808466,8.808466,8.808466,8.808466,0
VTH,2/5/2018,8.074427,8.074427,8.074427,8.074427,100
VTH,2/6/2018,8.074427,8.074427,8.074427,8.074427,0
VTH,2/7/2018,8.074427,8.074427,8.074427,8.074427,0
VTH,2/8/2018,8.074427,8.074427,8.074427,8.074427,0
VTH,2/9/2018,7.279218,7.279218,7.279218,7.279218,200
VTH,2/12/2018,7.279218,7.279218,7.279218,7.279218,0
VTH,2/13/2018,7.279218,7.279218,7.279218,7.279218,0
VTH,2/21/2018,7.279218,7.279218,7.279218,7.279218,0
VTH,2/22/2018,7.646237,7.646237,7.646237,7.646237,1500
VTH,2/23/2018,7.952087,7.952087,7.952087,7.952087,5000
VTH,2/26/2018,7.952087,7.952087,7.952087,7.952087,9000
VTH,2/27/2018,7.952087,7.952087,7.952087,7.952087,800
VTH,2/28/2018,8.686126,8.747295,8.686126,8.747295,1400
VTH,3/1/2018,8.747295,8.747295,8.747295,8.747295,0
VTH,3/2/2018,8.747295,8.747295,7.890917,7.890917,4000
VTH,3/5/2018,7.890917,7.890917,7.890917,7.890917,0
VTH,3/6/2018,7.890917,7.890917,7.890917,7.890917,0
VTH,3/7/2018,7.952087,7.952087,7.952087,7.952087,100
VTH,3/8/2018,8.747295,8.747295,8.747295,8.747295,2300
VTH,3/9/2018,9.175485,9.481335,7.952087,7.952087,4100
VTH,3/12/2018,7.952087,7.952087,7.952087,7.952087,0
VTH,3/13/2018,7.952087,7.952087,7.952087,7.952087,0
VTH,3/14/2018,8.074427,8.074427,8.074427,8.074427,28100
VTH,3/15/2018,8.074427,8.074427,8.074427,8.074427,0
VTH,3/16/2018,8.074427,8.074427,8.074427,8.074427,0
VTH,3/19/2018,8.074427,8.074427,8.074427,8.074427,0
VTH,3/20/2018,8.074427,8.074427,8.074427,8.074427,0
VTH,3/21/2018,8.074427,8.074427,8.074427,8.074427,0
VTH,3/22/2018,7.952087,7.952087,7.952087,7.952087,2000
VTH,3/23/2018,7.952087,7.952087,7.952087,7.952087,0
VTH,3/26/2018,7.952087,7.952087,7.952087,7.952087,0
VTH,3/27/2018,7.952087,7.952087,7.952087,7.952087,0
VTH,3/28/2018,7.952087,7.952087,7.952087,7.952087,0
VTH,3/29/2018,7.952087,7.952087,7.952087,7.952087,0
VTH,3/30/2018,7.952087,7.952087,7.952087,7.952087,0
VTH,4/2/2018,7.952087,7.952087,7.952087,7.952087,0
VTH,4/3/2018,7.952087,7.952087,7.952087,7.952087,500
VTH,4/4/2018,7.952087,7.952087,7.952087,7.952087,0
VTH,4/5/2018,7.952087,7.952087,7.952087,7.952087,1000
VTH,4/6/2018,7.952087,8.624956,7.952087,7.952087,3900
VTH,4/9/2018,7.952087,7.952087,7.952087,7.952087,0
VTH,4/10/2018,7.952087,7.952087,7.952087,7.952087,1000
VTH,4/11/2018,7.952087,7.952087,7.952087,7.952087,0
VTH,4/12/2018,7.952087,7.952087,7.952087,7.952087,0
VTH,4/13/2018,7.952087,7.952087,7.952087,7.952087,0
VTH,4/16/2018,8.013257,8.013257,8.013257,8.013257,10800
VTH,4/17/2018,8.013257,8.013257,8.013257,8.013257,14000
VTH,4/18/2018,7.952087,7.952087,7.952087,7.952087,4900
VTH,4/19/2018,7.952087,8.747295,7.952087,7.952087,23000
VTH,4/20/2018,7.952087,7.952087,7.952087,7.952087,70000
VTH,4/23/2018,7.952087,7.952087,7.952087,7.952087,0
VTH,4/24/2018,7.952087,7.952087,7.952087,7.952087,0
VTH,4/26/2018,7.952087,7.952087,7.952087,7.952087,0
VTH,4/27/2018,7.952087,7.952087,7.952087,7.952087,0
VTH,5/2/2018,7.952087,7.952087,7.952087,7.952087,0
VTH,5/3/2018,7.952087,7.952087,7.952087,7.952087,0
VTH,5/4/2018,7.952087,7.952087,7.952087,7.952087,0
VTH,5/7/2018,7.890917,7.890917,7.890917,7.890917,600
VTH,5/8/2018,7.890917,7.890917,7.890917,7.890917,0
VTH,5/9/2018,7.890917,7.890917,7.890917,7.890917,0
VTH,5/10/2018,7.890913,7.890913,7.890913,7.890913,0
VTH,5/11/2018,7.890913,7.890913,7.890913,7.890913,0
VTH,5/14/2018,7.890913,7.890913,7.890913,7.890913,0
VTH,5/15/2018,7.890913,7.890913,7.890913,7.890913,0
VTH,5/16/2018,7.890913,7.890913,7.890913,7.890913,0
VTH,5/17/2018,7.890913,7.890913,7.890913,7.890913,0
VTH,5/18/2018,7.190913,7.190913,7.190913,7.190913,100
VTH,5/21/2018,7.190913,7.190913,7.190913,7.190913,0
VTH,5/22/2018,7.190913,7.190913,7.190913,7.190913,0
VTH,5/23/2018,7.000004,7.000004,7.000004,7.000004,2700
VTH,5/24/2018,7.000004,7.000004,7.000004,7.000004,0
VTH,5/25/2018,7.000004,7.000004,7.000004,7.000004,0
VTH,5/28/2018,7.000004,7.000004,7.000004,7.000004,0
VTH,5/29/2018,7.000004,7.000004,7.000004,7.000004,0
VTH,5/30/2018,7.000004,7.000004,7.000004,7.000004,0
VTH,5/31/2018,7.000004,7.000004,7.000004,7.000004,0
VTH,6/1/2018,7.000004,7.000004,7.000004,7.000004,0
VTH,6/4/2018,7.509095,7.509095,7.509095,7.509095,100
VTH,6/5/2018,7.509095,7.509095,7.509095,7.509095,0
VTH,6/6/2018,7.509095,7.509095,7.509095,7.509095,0
VTH,6/7/2018,7.572731,7.572731,7.572731,7.572731,100
VTH,6/8/2018,6.936368,6.936368,6.936368,6.936368,100
VTH,6/11/2018,6.936368,6.936368,6.936368,6.936368,0
VTH,6/12/2018,6.936368,6.936368,6.936368,6.936368,0
VTH,6/13/2018,6.936368,6.936368,6.936368,6.936368,0
VTH,6/14/2018,6.936368,6.936368,6.936368,6.936368,0
VTH,6/15/2018,6.936368,6.936368,6.936368,6.936368,0
VTH,6/18/2018,6.427277,6.427277,6.427277,6.427277,1000
VTH,6/19/2018,6.490913,6.490913,6.490913,6.490913,100
VTH,6/20/2018,6.490913,6.490913,6.490913,6.490913,0
VTH,6/21/2018,6.490913,6.490913,6.490913,6.490913,0
VTH,6/22/2018,6.490913,6.490913,6.490913,6.490913,200
VTH,6/25/2018,6.490913,6.490913,6.490913,6.490913,0
VTH,6/26/2018,6.490913,6.490913,6.490913,6.490913,200
VTH,6/27/2018,6.490913,6.490913,6.490913,6.490913,0
VTH,6/28/2018,6.490913,6.490913,6.490913,6.490913,0
VTH,6/29/2018,6.490913,6.490913,6.490913,6.490913,0
VTH,7/2/2018,6.554549,6.554549,6.554549,6.554549,100
VTH,7/3/2018,6.554549,6.554549,6.554549,6.554549,0
VTH,7/4/2018,6.554549,6.554549,6.554549,6.554549,0
VTH,7/5/2018,6.554549,6.554549,6.554549,6.554549,0
VTH,7/6/2018,6.554549,6.554549,6.554549,6.554549,0
VTH,7/9/2018,6.554549,6.554549,6.554549,6.554549,0
VTH,7/10/2018,6.554549,6.554549,6.554549,6.554549,0
VTH,7/11/2018,6.554549,6.554549,6.554549,6.554549,0
VTH,7/12/2018,6.554549,6.554549,6.554549,6.554549,0
VTH,7/13/2018,6.554549,6.554549,6.554549,6.554549,0
VTH,7/16/2018,6.554549,6.554549,6.554549,6.554549,0
VTH,7/17/2018,7.063641,7.063641,7.063641,7.063641,200
VTH,7/18/2018,7.063641,7.063641,7.063641,7.063641,0
VTH,7/19/2018,7.063641,7.063641,7.063641,7.063641,0
VTH,7/20/2018,7.063641,7.063641,7.063641,7.063641,0
VTH,7/23/2018,7.063641,7.063641,7.063641,7.063641,0
VTH,7/24/2018,7.063641,7.063641,7.063641,7.063641,0
VTH,7/25/2018,7.063641,7.063641,7.063641,7.063641,0
VTH,7/26/2018,7.063641,7.063641,7.063641,7.063641,0
VTH,7/27/2018,7.063641,7.063641,7.063641,7.063641,0
VTH,7/30/2018,7.127277,7.127277,7.127277,7.127277,100
VTH,7/31/2018,7.127277,7.127277,7.127277,7.127277,0
VTH,8/1/2018,7.127277,7.127277,7.127277,7.127277,0
VTH,8/2/2018,7.127277,7.127277,7.127277,7.127277,0
VTH,8/3/2018,7.190913,7.190913,7.127277,7.127277,600
VTH,8/6/2018,7.190913,7.190913,7.127277,7.127277,2100
VTH,8/7/2018,7.127277,7.127277,7.127277,7.127277,0
VTH,8/8/2018,7.127277,7.127277,7.127277,7.127277,0
VTH,8/9/2018,7.127277,7.127277,7.127277,7.127277,0
VTH,8/10/2018,7.127277,7.127277,7.127277,7.127277,0
VTH,8/13/2018,7.127277,7.127277,7.127277,7.127277,600
VTH,8/14/2018,7.127277,7.127277,7.127277,7.127277,0
VTH,8/15/2018,7.127277,7.127277,7.127277,7.127277,0
VTH,8/16/2018,7.127277,7.127277,7.127277,7.127277,0
VTH,8/17/2018,7.127277,7.127277,7.127277,7.127277,0
VTH,8/20/2018,7.127277,7.127277,7.127277,7.127277,0
VTH,8/21/2018,7.127277,7.127277,7.127277,7.127277,0
VTH,8/22/2018,7.127277,7.127277,7.127277,7.127277,0
VTH,8/23/2018,7.127277,7.127277,7.127277,7.127277,0
VTH,8/24/2018,7.127277,7.127277,7.127277,7.127277,0
VTH,8/27/2018,7.127277,7.127277,7.127277,7.127277,0
VTH,8/28/2018,7.127277,7.127277,7.127277,7.127277,1000
VTH,8/29/2018,7.127277,7.127277,7.127277,7.127277,0
VTH,8/30/2018,7.127277,7.127277,7.127277,7.127277,0
VTH,8/31/2018,7.127277,7.127277,7.127277,7.127277,900
VTH,9/4/2018,7.127277,7.127277,7.127277,7.127277,0
VTH,9/5/2018,7.127277,7.127277,7.127277,7.127277,0
VTH,9/6/2018,7.127277,7.127277,7.127277,7.127277,0
VTH,9/7/2018,7.127277,7.127277,7.127277,7.127277,0
VTH,9/10/2018,7.572731,7.827277,6.427277,6.427277,3200
VTH,9/11/2018,6.427277,6.427277,6.427277,6.427277,0
VTH,9/12/2018,6.427277,6.681822,6.427277,6.490913,35700
VTH,9/13/2018,6.490913,6.490913,6.490913,6.490913,0
VTH,9/14/2018,6.490913,6.490913,6.490913,6.490913,2500
VTH,9/17/2018,6.490913,6.490913,6.490913,6.490913,0
VTH,9/18/2018,6.36364,6.36364,6.36364,6.36364,2000
VTH,9/19/2018,6.36364,6.36364,6.36364,6.36364,3600
VTH,9/20/2018,6.427277,6.427277,6.36364,6.36364,2600
VTH,9/21/2018,6.36364,6.36364,6.36364,6.36364,0
VTH,9/24/2018,6.36364,6.36364,6.36364,6.36364,5000
VTH,9/25/2018,6.36364,6.36364,6.36364,6.36364,2400
VTH,9/26/2018,6.36364,6.36364,6.36364,6.36364,0
VTH,9/27/2018,6.36364,6.36364,6.36364,6.36364,4000
VTH,9/28/2018,6.36364,6.36364,6.36364,6.36364,8600
VTH,10/1/2018,6.36364,6.490913,6.236367,6.490913,2400
VTH,10/2/2018,5.854549,6.36364,5.854549,6.36364,30100
VTH,10/3/2018,6.36364,6.36364,6.36364,6.36364,0
VTH,10/4/2018,6.36364,6.36364,6.36364,6.36364,4000
VTH,10/5/2018,6.36364,6.36364,6.300004,6.36364,5100
VTH,10/8/2018,6.36364,6.36364,6.36364,6.36364,4300
VTH,10/9/2018,6.36364,6.36364,6.36364,6.36364,1700
VTH,10/10/2018,6.36364,6.36364,6.36364,6.36364,18900
VTH,10/11/2018,6.36364,6.36364,6.36364,6.36364,0
VTH,10/12/2018,6.36364,6.36364,6.36364,6.36364,0
VTH,10/15/2018,6.36364,6.36364,6.36364,6.36364,10000
VTH,10/16/2018,6.36364,6.36364,6.36364,6.36364,0
VTH,10/17/2018,6.36364,6.36364,6.36364,6.36364,0
VTH,10/18/2018,6.36364,6.36364,6.36364,6.36364,0
VTH,10/19/2018,6.36364,6.36364,6.36364,6.36364,2700
VTH,10/22/2018,6.36364,6.490913,6.36364,6.490913,1100
VTH,10/23/2018,6.490913,6.490913,6.490913,6.490913,1000
VTH,10/24/2018,6.490913,6.490913,6.490913,6.490913,0
VTH,10/25/2018,6.490913,6.490913,6.490913,6.490913,0
VTH,10/26/2018,6.490913,6.490913,6.490913,6.490913,0
VTH,10/29/2018,6.490913,6.490913,6.490913,6.490913,0
VTH,10/30/2018,6.490913,6.490913,6.490913,6.490913,0
VTH,10/31/2018,6.490913,6.490913,6.490913,6.490913,0
VTH,11/1/2018,6.36364,6.36364,6.045458,6.045458,27000
VTH,11/2/2018,6.490913,6.490913,6.490913,6.490913,1000
VTH,11/5/2018,6.490913,6.490913,6.490913,6.490913,0
VTH,11/6/2018,6.490913,6.490913,6.490913,6.490913,0
VTH,11/7/2018,5.918185,5.918185,5.918185,5.918185,2500
VTH,11/8/2018,5.918185,5.918185,5.918185,5.918185,0
VTH,11/9/2018,5.918185,5.918185,5.918185,5.918185,0
VTH,11/12/2018,6.36364,6.36364,5.918185,5.918185,15000
VTH,11/13/2018,5.918185,5.918185,5.918185,5.918185,0
VTH,11/14/2018,5.918185,5.918185,5.918185,5.918185,0
VTH,11/15/2018,5.918185,5.918185,5.918185,5.918185,0
VTH,11/16/2018,5.918185,5.918185,5.918185,5.918185,0
VTH,11/19/2018,6.36364,6.36364,6.36364,6.36364,100
VTH,11/20/2018,6.36364,6.36364,6.36364,6.36364,0
VTH,11/21/2018,6.36364,6.36364,6.36364,6.36364,0
VTH,11/22/2018,6.36364,6.36364,6.36364,6.36364,0
VTH,11/23/2018,6.490913,6.490913,6.490913,6.490913,100
VTH,11/26/2018,6.554549,6.554549,6.554549,6.554549,100
VTH,11/27/2018,6.554549,6.554549,6.554549,6.554549,1000
VTH,11/28/2018,6.554549,6.554549,6.554549,6.554549,0
VTH,11/29/2018,6.554549,6.554549,6.554549,6.554549,0
VTH,11/30/2018,6.554549,6.554549,6.554549,6.554549,0
VTH,12/3/2018,6.554549,6.554549,6.554549,6.554549,0
VTH,12/4/2018,6.554549,6.554549,6.554549,6.554549,0
VTH,12/5/2018,6.554549,6.554549,6.554549,6.554549,500
VTH,12/6/2018,6.36364,6.36364,6.36364,6.36364,1000
VTH,12/7/2018,6.109095,6.109095,6.109095,6.109095,6000
VTH,12/10/2018,6.109095,6.109095,6.109095,6.109095,0
VTH,12/11/2018,6.109095,6.109095,6.109095,6.109095,0
VTH,12/12/2018,6.36364,6.36364,6.36364,6.36364,100
VTH,12/13/2018,6.36364,6.36364,6.36364,6.36364,2000
VTH,12/14/2018,6.36364,6.36364,6.36364,6.36364,0
VTH,12/17/2018,6.36364,6.36364,6.36364,6.36364,0
VTH,12/18/2018,6.36364,6.36364,6.36364,6.36364,0
VTH,12/19/2018,6.36364,6.36364,6.36364,6.36364,0
VTH,12/20/2018,6.36364,6.36364,6.36364,6.36364,0
VTH,12/21/2018,6.36364,6.36364,6.36364,6.36364,0
VTH,12/24/2018,6.36364,6.36364,6.36364,6.36364,0
VTH,12/25/2018,6.36364,6.36364,6.36364,6.36364,0
VTH,12/26/2018,6.36364,6.36364,6.36364,6.36364,0
VTH,12/27/2018,6.36364,6.36364,6.36364,6.36364,0
VTH,12/28/2018,6.36364,6.36364,6.36364,6.36364,0
VTH,1/2/2019,6.36364,6.36364,6.36364,6.36364,0
VTH,1/3/2019,6.36364,6.36364,6.36364,6.36364,0
VTH,1/4/2019,6.045458,6.045458,6.045458,6.045458,10000
VTH,1/7/2019,6.045458,6.045458,6.045458,6.045458,0
VTH,1/8/2019,6.045458,6.045458,6.045458,6.045458,0
VTH,1/9/2019,6.045458,6.045458,6.045458,6.045458,0
VTH,1/10/2019,6.045458,6.045458,6.045458,6.045458,0
VTH,1/11/2019,6.045458,6.045458,6.045458,6.045458,0
VTH,1/14/2019,6.045458,6.045458,6.045458,6.045458,0
VTH,1/15/2019,6.045458,6.045458,6.045458,6.045458,0
VTH,1/16/2019,6.045458,6.045458,6.045458,6.045458,0
VTH,1/17/2019,6.045458,6.045458,6.045458,6.045458,0
VTH,1/18/2019,6.045458,6.045458,6.045458,6.045458,0
VTH,1/21/2019,6.045458,6.045458,6.045458,6.045458,0
VTH,1/22/2019,6.045458,6.045458,6.045458,6.045458,0
VTH,1/23/2019,6.045458,6.045458,6.045458,6.045458,51100
VTH,1/24/2019,6.045458,6.045458,6.045458,6.045458,0
VTH,1/25/2019,6.045458,6.045458,6.045458,6.045458,0
VTH,1/28/2019,6.045458,6.045458,6.045458,6.045458,0
VTH,1/29/2019,6.045458,6.045458,6.045458,6.045458,0
VTH,1/30/2019,6.045458,6.045458,6.045458,6.045458,0
VTH,1/31/2019,6.045458,6.045458,6.045458,6.045458,0
VTH,2/1/2019,6.045458,6.045458,6.045458,6.045458,0
VTH,2/11/2019,6.045458,6.045458,6.045458,6.045458,0
VTH,2/12/2019,6.045458,6.045458,6.045458,6.045458,0
VTH,2/13/2019,6.045458,6.045458,6.045458,6.045458,0
VTH,2/14/2019,6.045458,6.045458,6.045458,6.045458,0
VTH,2/15/2019,6.045458,6.045458,6.045458,6.045458,0
VTH,2/18/2019,6.045458,6.045458,6.045458,6.045458,0
VTH,2/19/2019,6.045458,6.045458,6.045458,6.045458,0
VTH,2/20/2019,6.045458,6.045458,6.045458,6.045458,1900
VTH,2/21/2019,6.045458,6.045458,6.045458,6.045458,0
VTH,2/22/2019,6.045458,6.045458,6.045458,6.045458,0
VTH,2/25/2019,6.045458,6.045458,6.045458,6.045458,0
VTH,2/26/2019,6.045458,6.045458,6.045458,6.045458,0
VTH,2/27/2019,6.045458,6.045458,6.045458,6.045458,0
VTH,2/28/2019,6.045458,6.045458,6.045458,6.045458,0
VTH,3/1/2019,6.045458,6.045458,6.045458,6.045458,0
VTH,3/4/2019,6.045458,6.045458,6.045458,6.045458,0
VTH,3/5/2019,6.045458,6.045458,6.045458,6.045458,0
VTH,3/6/2019,6.045458,6.045458,6.045458,6.045458,0
VTH,3/7/2019,6.045458,6.045458,6.045458,6.045458,0
VTH,3/8/2019,6.045458,6.045458,6.045458,6.045458,0
VTH,3/11/2019,6.045458,6.045458,6.045458,6.045458,0
VTH,3/12/2019,6.045458,6.045458,6.045458,6.045458,0
VTH,3/13/2019,6.045458,6.045458,6.045458,6.045458,0
VTH,3/14/2019,6.045458,6.045458,6.045458,6.045458,0
VTH,3/15/2019,6.045458,6.045458,6.045458,6.045458,0
VTH,3/18/2019,6.045458,6.045458,6.045458,6.045458,0
VTH,3/19/2019,6.045458,6.045458,6.045458,6.045458,0
VTH,3/20/2019,6.045458,6.045458,6.045458,6.045458,0
VTH,3/21/2019,6.045458,6.045458,6.045458,6.045458,0
VTH,3/22/2019,6.045458,6.045458,6.045458,6.045458,0
VTH,3/25/2019,6.045458,6.045458,6.045458,6.045458,0
VTH,3/26/2019,6.045458,6.045458,6.045458,6.045458,0
VTH,3/27/2019,6.045458,6.045458,6.045458,6.045458,0
VTH,3/28/2019,6.045458,6.045458,6.045458,6.045458,0
VTH,3/29/2019,6.045458,6.045458,6.045458,6.045458,0
VTH,4/1/2019,6.045458,6.045458,6.045458,6.045458,3200
VTH,4/2/2019,6.045458,6.045458,6.045458,6.045458,0
VTH,4/3/2019,6.045458,6.045458,6.045458,6.045458,0
VTH,4/4/2019,6.045458,6.045458,6.045458,6.045458,0
VTH,4/5/2019,6.045458,6.045458,6.045458,6.045458,0
VTH,4/8/2019,6.045458,6.045458,6.045458,6.045458,0
VTH,4/9/2019,6.045458,6.045458,6.045458,6.045458,0
VTH,4/10/2019,6.045458,6.045458,6.045458,6.045458,0
VTH,4/11/2019,6.045458,6.045458,6.045458,6.045458,0
VTH,4/12/2019,6.045458,6.045458,6.045458,6.045458,0
VTH,4/16/2019,6.045458,6.045458,6.045458,6.045458,0
VTH,4/17/2019,6.045458,6.045458,6.045458,6.045458,800
VTH,4/18/2019,6.045458,6.045458,6.045458,6.045458,0
VTH,4/19/2019,6.045458,6.045458,6.045458,6.045458,0
VTH,4/22/2019,6.045458,6.045458,6.045458,6.045458,200
VTH,4/23/2019,6.045458,6.045458,6.045458,6.045458,800
VTH,4/24/2019,6.045458,6.045458,6.045458,6.045458,0
VTH,4/25/2019,6.045458,6.045458,6.045458,6.045458,0
VTH,4/26/2019,6.045458,6.045458,6.045458,6.045458,0
VTH,5/2/2019,6.045458,6.045458,6.045458,6.045458,0
VTH,5/3/2019,6.045458,6.045458,6.045458,6.045458,0
VTH,5/6/2019,6.045458,6.045458,6.045458,6.045458,0
VTH,5/7/2019,6.045458,6.045458,6.045458,6.045458,0
VTH,5/8/2019,6.045458,6.045458,6.045458,6.045458,0
VTH,5/9/2019,6.045458,6.045458,6.045458,6.045458,0
VTH,5/10/2019,6.045458,6.045458,6.045458,6.045458,0
VTH,5/13/2019,6.045458,6.045458,6.045458,6.045458,0
VTH,5/14/2019,6.045458,6.045458,6.045458,6.045458,0
VTH,5/15/2019,6.045458,6.045458,6.045458,6.045458,0
VTH,5/16/2019,6.045458,6.045458,6.045458,6.045458,0
VTH,5/17/2019,6.045458,6.045458,6.045458,6.045458,0
VTH,5/20/2019,6.045458,6.045458,6.045458,6.045458,0
VTH,5/21/2019,6.045458,6.045458,6.045458,6.045458,0
VTH,5/22/2019,6.045458,6.045458,6.045458,6.045458,0
VTH,5/23/2019,6.045458,6.045458,6.045458,6.045458,0
VTH,5/24/2019,6.045458,6.045458,6.045458,6.045458,0
VTH,5/27/2019,6.045458,6.045458,6.045458,6.045458,0
VTH,5/28/2019,6.045458,6.045458,6.045458,6.045458,0
VTH,5/29/2019,6.045458,6.045458,6.045458,6.045458,0
VTH,5/30/2019,6.045458,6.045458,6.045458,6.045458,0
VTH,5/31/2019,6.045458,6.045458,6.045458,6.045458,0
VTH,6/3/2019,6.045458,6.045458,6.045458,6.045458,0
VTH,6/4/2019,6.045458,6.045458,6.045458,6.045458,0
VTH,6/5/2019,6.045458,6.045458,6.045458,6.045458,0
VTH,6/6/2019,6.045458,6.045458,6.045458,6.045458,0
VTH,6/7/2019,6.045458,6.045458,6.045458,6.045458,0
VTH,6/10/2019,6.045458,6.045458,6.045458,6.045458,0
VTH,6/11/2019,6.045458,6.045458,6.045458,6.045458,0
VTH,6/12/2019,6.045458,6.045458,6.045458,6.045458,0
VTH,6/13/2019,6.045458,6.045458,6.045458,6.045458,0
VTH,6/14/2019,6.045458,6.045458,6.045458,6.045458,0
VTH,6/17/2019,6.045458,6.045458,6.045458,6.045458,0
VTH,6/18/2019,6.045458,6.045458,6.045458,6.045458,0
VTH,6/19/2019,6.045458,6.045458,6.045458,6.045458,0
VTH,6/20/2019,6.045458,6.045458,6.045458,6.045458,0
VTH,6/21/2019,6.045458,6.045458,6.045458,6.045458,0
VTH,6/24/2019,6.045458,6.045458,6.045458,6.045458,0
VTH,6/25/2019,6.045458,6.045458,6.045458,6.045458,0
VTH,6/26/2019,6.045458,6.045458,6.045458,6.045458,0
VTH,6/27/2019,6.045458,6.045458,6.045458,6.045458,0
VTH,6/28/2019,6.045458,6.045458,6.045458,6.045458,0
VTH,7/1/2019,6.045458,6.045458,6.045458,6.045458,0
VTH,7/2/2019,6.045458,6.045458,6.045458,6.045458,0
VTH,7/3/2019,6.045458,6.045458,6.045458,6.045458,0
VTH,7/4/2019,6.045458,6.045458,6.045458,6.045458,0
VTH,7/5/2019,6.045458,6.045458,6.045458,6.045458,0
VTH,7/8/2019,6.045458,6.045458,6.045458,6.045458,0
VTH,7/9/2019,6.045458,6.045458,6.045458,6.045458,0
VTH,7/10/2019,6.045458,6.045458,6.045458,6.045458,0
VTH,7/11/2019,6.045458,6.045458,6.045458,6.045458,0
VTH,7/12/2019,6.045458,6.045458,6.045458,6.045458,0
VTH,7/15/2019,6.045458,6.045458,6.045458,6.045458,0
VTH,7/16/2019,6.045458,6.045458,6.045458,6.045458,0
VTH,7/17/2019,6.045458,6.045458,6.045458,6.045458,0
VTH,7/18/2019,6.045458,6.045458,6.045458,6.045458,0
VTH,7/19/2019,6.045458,6.045458,6.045458,6.045458,0
VTH,7/22/2019,6.045458,6.045458,6.045458,6.045458,0
VTH,7/23/2019,6.045458,6.045458,6.045458,6.045458,0
VTH,7/24/2019,6.045458,6.045458,6.045458,6.045458,0
VTH,7/25/2019,6.045458,6.045458,6.045458,6.045458,0
VTH,7/26/2019,6.045458,6.045458,6.045458,6.045458,0
VTH,7/29/2019,6.045458,6.045458,6.045458,6.045458,0
VTH,7/30/2019,6.045458,6.045458,6.045458,6.045458,0
VTH,7/31/2019,6.045458,6.045458,6.045458,6.045458,0
VTH,8/1/2019,6.045458,6.045458,6.045458,6.045458,0
VTH,8/2/2019,6.36364,6.36364,6.36364,6.36364,8000
VTH,8/5/2019,6.36364,6.36364,6.36364,6.36364,0
VTH,8/6/2019,6.36364,6.36364,6.36364,6.36364,0
VTH,8/7/2019,6.36364,6.36364,6.36364,6.36364,0
VTH,8/8/2019,6.36364,6.36364,6.36364,6.36364,0
VTH,8/9/2019,6.36364,6.36364,6.36364,6.36364,0
VTH,8/12/2019,6.36364,6.36364,6.36364,6.36364,0
VTH,8/13/2019,6.36364,6.36364,6.36364,6.36364,0
VTH,8/14/2019,6.36364,6.36364,6.36364,6.36364,0
VTH,8/15/2019,6.36364,6.36364,6.36364,6.36364,0
VTH,8/16/2019,6.36364,6.36364,6.36364,6.36364,0
VTH,8/19/2019,6.36364,6.36364,6.36364,6.36364,0
VTH,8/20/2019,6.36364,6.36364,6.36364,6.36364,0
VTH,8/21/2019,6.36364,6.36364,6.36364,6.36364,900
VTH,8/22/2019,6.36364,6.36364,6.36364,6.36364,0
VTH,8/23/2019,6.36364,6.36364,6.36364,6.36364,0
VTH,8/26/2019,6.36364,6.36364,6.36364,6.36364,0
VTH,8/27/2019,6.36364,6.36364,6.36364,6.36364,0
VTH,8/28/2019,6.36364,6.36364,6.36364,6.36364,0
VTH,8/29/2019,6.36364,6.36364,6.36364,6.36364,0
VTH,8/30/2019,6.36364,6.36364,6.36364,6.36364,0
VTH,9/3/2019,6.36364,6.36364,6.36364,6.36364,0
VTH,9/4/2019,6.36364,6.36364,6.36364,6.36364,0
VTH,9/5/2019,6.36364,6.36364,6.36364,6.36364,0
VTH,9/6/2019,6.36364,6.36364,6.36364,6.36364,0
VTH,9/9/2019,6.36364,6.36364,6.36364,6.36364,0
VTH,9/10/2019,6.36364,6.36364,6.36364,6.36364,0
VTH,9/11/2019,6.36364,6.36364,6.36364,6.36364,0
VTH,9/12/2019,6.36364,6.36364,6.36364,6.36364,0
VTH,9/13/2019,6.36364,6.36364,6.36364,6.36364,0
VTH,9/16/2019,6.36364,6.36364,6.36364,6.36364,0
VTH,9/17/2019,6.36364,6.36364,6.36364,6.36364,0
VTH,9/18/2019,6.36364,6.36364,6.36364,6.36364,0
VTH,9/19/2019,6.36364,6.36364,6.36364,6.36364,0
VTH,9/20/2019,6.36364,6.36364,6.36364,6.36364,0
VTH,9/23/2019,6.36364,6.36364,6.36364,6.36364,0
VTH,9/24/2019,6.36364,6.36364,6.36364,6.36364,0
VTH,9/25/2019,6.36364,6.36364,6.36364,6.36364,0
VTH,9/26/2019,6.36364,6.36364,6.36364,6.36364,0
VTH,9/27/2019,6.36364,6.36364,6.36364,6.36364,0
VTH,9/30/2019,6.36364,6.36364,6.36364,6.36364,0
VTH,10/1/2019,6.36364,6.36364,6.36364,6.36364,0
VTH,10/2/2019,6.36364,6.36364,6.36364,6.36364,0
VTH,10/3/2019,6.36364,6.36364,6.36364,6.36364,0
VTH,10/4/2019,6.36364,6.681822,6.36364,6.681822,7100
VTH,10/7/2019,6.681822,6.681822,6.681822,6.681822,0
VTH,10/8/2019,6.681822,6.681822,6.681822,6.681822,0
VTH,10/9/2019,6.681822,6.681822,6.681822,6.681822,0
VTH,10/10/2019,6.681822,6.681822,6.681822,6.681822,0
VTH,10/11/2019,6.681822,6.681822,6.681822,6.681822,0
VTH,10/14/2019,6.681822,6.681822,6.681822,6.681822,0
VTH,10/15/2019,6.681822,6.681822,6.681822,6.681822,0
VTH,10/16/2019,6.681822,6.681822,6.681822,6.681822,0
VTH,10/17/2019,6.681822,6.681822,6.681822,6.681822,0
VTH,10/18/2019,6.681822,6.681822,6.681822,6.681822,0
VTH,10/21/2019,6.681822,6.681822,6.681822,6.681822,0
VTH,10/22/2019,6.681822,6.681822,6.681822,6.681822,0
VTH,10/23/2019,6.681822,6.681822,6.681822,6.681822,0
VTH,10/24/2019,6.681822,6.681822,6.681822,6.681822,0
VTH,10/25/2019,6.681822,6.681822,6.681822,6.681822,0
VTH,10/28/2019,6.681822,6.681822,6.681822,6.681822,0
VTH,10/29/2019,6.681822,6.681822,6.681822,6.681822,0
VTH,10/30/2019,6.681822,6.681822,6.681822,6.681822,0
VTH,10/31/2019,6.681822,6.681822,6.681822,6.681822,0
VTH,11/1/2019,6.681822,6.681822,6.681822,6.681822,0
VTH,11/4/2019,6.681822,6.681822,6.681822,6.681822,0
VTH,11/5/2019,6.681822,6.681822,6.681822,6.681822,0
VTH,11/6/2019,6.681822,6.681822,6.681822,6.681822,0
VTH,11/7/2019,6.681822,6.681822,6.681822,6.681822,0
VTH,11/8/2019,6.681822,6.681822,6.681822,6.681822,0
VTH,11/11/2019,6.681822,6.681822,6.681822,6.681822,0
VTH,11/12/2019,6.681822,6.681822,6.681822,6.681822,0
VTH,11/13/2019,6.681822,6.681822,6.681822,6.681822,0
VTH,11/14/2019,6.681822,6.681822,6.681822,6.681822,0
VTH,11/15/2019,6.681822,6.681822,6.681822,6.681822,0
VTH,11/18/2019,6.681822,6.681822,6.681822,6.681822,0
VTH,11/19/2019,6.681822,6.681822,6.681822,6.681822,0
VTH,11/20/2019,6.681822,6.681822,6.681822,6.681822,0
VTH,11/21/2019,6.681822,6.681822,6.681822,6.681822,0
VTH,11/22/2019,6.681822,6.681822,6.681822,6.681822,0
VTH,11/25/2019,6.681822,6.681822,6.681822,6.681822,0
VTH,11/26/2019,6.681822,6.681822,6.681822,6.681822,0
VTH,11/27/2019,6.681822,6.681822,6.681822,6.681822,0
VTH,11/28/2019,6.681822,6.681822,6.681822,6.681822,0
VTH,11/29/2019,6.681822,6.681822,6.681822,6.681822,0
VTH,12/2/2019,6.681822,6.681822,6.681822,6.681822,0
VTH,12/3/2019,6.681822,6.681822,6.681822,6.681822,0
VTH,12/4/2019,6.681822,6.681822,6.681822,6.681822,0
VTH,12/5/2019,6.681822,6.681822,6.681822,6.681822,0
VTH,12/6/2019,6.681822,6.681822,6.681822,6.681822,0
VTH,12/9/2019,6.681822,6.681822,6.681822,6.681822,0
VTH,12/10/2019,6.681822,6.681822,6.681822,6.681822,0
VTH,12/11/2019,6.681822,6.681822,6.681822,6.681822,0
VTH,12/12/2019,6.681822,6.681822,6.681822,6.681822,0
VTH,12/13/2019,6.681822,6.681822,6.681822,6.681822,0
VTH,12/16/2019,6.681822,6.681822,6.681822,6.681822,0
VTH,12/17/2019,6.681822,6.681822,6.681822,6.681822,0
VTH,12/18/2019,6.681822,6.681822,6.681822,6.681822,0
VTH,12/19/2019,6.681822,6.681822,6.681822,6.681822,0
VTH,12/20/2019,6.681822,6.681822,6.681822,6.681822,0
VTH,12/23/2019,6.681822,6.681822,6.681822,6.681822,0
VTH,12/24/2019,6.681822,6.681822,6.681822,6.681822,0
VTH,12/25/2019,6.681822,6.681822,6.681822,6.681822,0
VTH,12/26/2019,6.681822,6.681822,6.681822,6.681822,0
VTH,12/27/2019,6.681822,6.681822,6.681822,6.681822,0
VTH,12/30/2019,6.681822,6.681822,6.681822,6.681822,0
VTH,12/31/2019,6.681822,6.681822,6.681822,6.681822,0
VTH,1/2/2020,6.681822,6.681822,6.681822,6.681822,0
VTH,1/3/2020,6.681822,6.681822,6.681822,6.681822,0
VTH,1/6/2020,6.681822,6.681822,6.681822,6.681822,0
VTH,1/7/2020,6.681822,6.681822,6.681822,6.681822,0
VTH,1/8/2020,6.681822,6.681822,6.681822,6.681822,0
VTH,1/9/2020,6.681822,6.681822,6.681822,6.681822,0
VTH,1/10/2020,6.681822,6.681822,6.681822,6.681822,0
VTH,1/13/2020,6.681822,6.681822,6.681822,6.681822,0
VTH,1/14/2020,6.681822,6.681822,6.681822,6.681822,0
VTH,1/15/2020,6.681822,6.681822,6.681822,6.681822,0
VTH,1/16/2020,6.681822,6.681822,6.681822,6.681822,0
VTH,1/17/2020,6.681822,6.681822,6.681822,6.681822,0
VTH,1/20/2020,6.681822,6.681822,6.681822,6.681822,0
VTH,1/21/2020,6.681822,6.681822,6.681822,6.681822,0
VTH,1/22/2020,6.681822,6.681822,6.681822,6.681822,0
VTH,1/30/2020,6.681822,6.681822,6.681822,6.681822,0
VTH,1/31/2020,6.681822,6.681822,6.681822,6.681822,0
VTH,2/3/2020,6.681822,6.681822,6.681822,6.681822,0
VTH,2/4/2020,6.681822,6.681822,6.681822,6.681822,0
VTH,2/5/2020,6.681822,6.681822,6.681822,6.681822,0
VTH,2/6/2020,6.681822,6.681822,6.681822,6.681822,0
VTH,2/7/2020,6.681822,6.681822,6.681822,6.681822,0
VTH,2/10/2020,6.681822,6.681822,6.681822,6.681822,0
VTH,2/11/2020,6.681822,6.681822,6.681822,6.681822,0
VTH,2/12/2020,6.681822,6.681822,6.681822,6.681822,0
VTH,2/13/2020,6.681822,6.681822,6.681822,6.681822,0
VTH,2/14/2020,6.681822,6.681822,6.681822,6.681822,0
VTH,2/17/2020,6.681822,6.681822,6.681822,6.681822,0
VTH,2/18/2020,6.681822,6.681822,6.681822,6.681822,0
VTH,2/19/2020,6.681822,6.681822,6.681822,6.681822,0
VTH,2/20/2020,6.681822,6.681822,6.681822,6.681822,0
VTH,2/21/2020,6.681822,6.681822,6.681822,6.681822,0
VTH,2/24/2020,6.681822,6.681822,6.681822,6.681822,0
VTH,2/25/2020,6.681822,6.681822,6.681822,6.681822,0
VTH,2/26/2020,6.681822,6.681822,6.681822,6.681822,0
VTH,2/27/2020,6.681822,6.681822,6.681822,6.681822,0
VTH,2/28/2020,6.681822,6.681822,6.681822,6.681822,0
VTH,3/2/2020,6.681822,6.681822,6.681822,6.681822,0
VTH,3/3/2020,6.681822,6.681822,6.681822,6.681822,0
VTH,3/4/2020,6.681822,6.681822,6.681822,6.681822,0
VTH,3/5/2020,6.681822,6.681822,6.681822,6.681822,0
VTH,3/6/2020,6.681822,6.681822,6.681822,6.681822,0
VTH,3/9/2020,6.681822,6.681822,6.681822,6.681822,0
VTH,3/10/2020,6.681822,6.681822,6.681822,6.681822,0
VTH,3/11/2020,6.681822,6.681822,6.681822,6.681822,0
VTH,3/12/2020,6.681822,6.681822,6.681822,6.681822,0
VTH,3/13/2020,6.681822,6.681822,6.681822,6.681822,0
VTH,3/16/2020,6.681822,6.681822,6.681822,6.681822,0
VTH,3/17/2020,6.681822,6.681822,6.681822,6.681822,0
VTH,3/18/2020,6.681822,6.681822,6.681822,6.681822,0
VTH,3/19/2020,6.681822,6.681822,6.681822,6.681822,0
VTH,3/20/2020,6.681822,6.681822,6.681822,6.681822,0
VTH,3/23/2020,6.681822,6.681822,6.681822,6.681822,0
VTH,3/24/2020,6.681822,6.681822,6.681822,6.681822,0
VTH,3/25/2020,6.681822,6.681822,6.681822,6.681822,0
VTH,3/26/2020,6.681822,6.681822,6.681822,6.681822,0
VTH,3/27/2020,6.681822,6.681822,6.681822,6.681822,0
VTH,3/30/2020,6.681822,6.681822,6.681822,6.681822,0
VTH,3/31/2020,6.681822,6.681822,6.681822,6.681822,0
VTH,4/1/2020,6.681822,6.681822,6.681822,6.681822,0
VTH,4/3/2020,6.681822,6.681822,6.681822,6.681822,0
VTH,4/6/2020,6.681822,6.681822,6.681822,6.681822,0
VTH,4/7/2020,6.681822,6.681822,6.681822,6.681822,0
VTH,4/8/2020,6.681822,6.681822,6.681822,6.681822,0
VTH,4/9/2020,6.681822,6.681822,6.681822,6.681822,0
VTH,4/10/2020,6.681822,6.681822,6.681822,6.681822,0
VTH,4/13/2020,6.681822,6.681822,6.681822,6.681822,0
VTH,4/14/2020,6.681822,6.681822,6.681822,6.681822,0
VTH,4/15/2020,6.681822,6.681822,6.681822,6.681822,0
VTH,4/16/2020,6.681822,6.681822,6.681822,6.681822,0
VTH,4/17/2020,6.681822,6.681822,6.681822,6.681822,0
VTH,4/20/2020,6.681822,6.681822,6.681822,6.681822,0
VTH,4/21/2020,6.681822,6.681822,6.681822,6.681822,0
VTH,4/22/2020,6.681822,6.681822,6.681822,6.681822,0
VTH,4/23/2020,6.681822,6.681822,6.681822,6.681822,0
VTH,4/24/2020,6.681822,6.681822,6.681822,6.681822,0
VTH,4/27/2020,6.681822,6.681822,6.681822,6.681822,0
VTH,4/28/2020,6.681822,6.681822,6.681822,6.681822,0
VTH,4/29/2020,6.681822,6.681822,6.681822,6.681822,0
VTH,5/4/2020,6.681822,6.681822,6.681822,6.681822,0
VTH,5/5/2020,6.681822,6.681822,6.681822,6.681822,0
VTH,5/6/2020,6.681822,6.681822,6.681822,6.681822,0
VTH,5/7/2020,6.681822,6.681822,6.681822,6.681822,0
VTH,5/8/2020,6.681822,6.681822,6.681822,6.681822,0
VTH,5/11/2020,6.681822,6.681822,6.681822,6.681822,0
VTH,5/12/2020,6.681822,6.681822,6.681822,6.681822,0
VTH,5/13/2020,6.681822,6.681822,6.681822,6.681822,0
VTH,5/14/2020,6.681822,6.681822,6.681822,6.681822,0
VTH,5/15/2020,6.681822,6.681822,6.681822,6.681822,0
VTH,5/18/2020,6.681822,6.681822,6.681822,6.681822,0
VTH,5/19/2020,6.681822,6.681822,6.681822,6.681822,0
VTH,5/20/2020,6.681822,6.681822,6.681822,6.681822,0
VTH,5/21/2020,6.681822,6.681822,6.681822,6.681822,0
VTH,5/22/2020,6.681822,6.681822,6.681822,6.681822,0
VTH,5/25/2020,6.681822,6.681822,6.681822,6.681822,0
VTH,5/26/2020,6.681822,6.681822,6.681822,6.681822,0
VTH,5/27/2020,6.681822,6.681822,6.681822,6.681822,0
VTH,5/28/2020,6.681822,6.681822,6.681822,6.681822,0
VTH,5/29/2020,6.681822,6.681822,6.681822,6.681822,0
VTH,6/1/2020,6.681822,6.681822,6.681822,6.681822,0
VTH,6/2/2020,6.045458,6.045458,6.045458,6.045458,12000
VTH,6/3/2020,6.045458,6.045458,6.045458,6.045458,0
VTH,6/4/2020,6.045458,6.045458,6.045458,6.045458,0
VTH,6/5/2020,6.045458,6.045458,6.045458,6.045458,0
VTH,6/8/2020,6.045458,6.045458,6.045458,6.045458,0
VTH,6/9/2020,6.045458,6.045458,6.045458,6.045458,0
VTH,6/10/2020,6.045458,6.045458,6.045458,6.045458,0
VTH,6/11/2020,6.045458,6.045458,6.045458,6.045458,0
VTH,6/12/2020,6.045458,6.045458,6.045458,6.045458,0
VTH,6/16/2020,6.045458,6.045458,6.045458,6.045458,0
VTH,6/17/2020,6.045458,6.045458,6.045458,6.045458,0
VTH,6/18/2020,6.045458,6.045458,6.045458,6.045458,0
VTH,6/19/2020,6.045458,6.045458,6.045458,6.045458,0
VTH,6/22/2020,6.045458,6.045458,6.045458,6.045458,0
VTH,6/23/2020,6.045458,6.045458,6.045458,6.045458,0
VTH,6/24/2020,6.045458,6.045458,6.045458,6.045458,0
VTH,6/25/2020,6.045458,6.045458,6.045458,6.045458,0
VTH,6/26/2020,6.045458,6.045458,6.045458,6.045458,0
VTH,6/29/2020,6.045458,6.045458,6.045458,6.045458,0
VTH,6/30/2020,6.045458,6.045458,6.045458,6.045458,0
VTH,7/1/2020,6.045458,6.045458,6.045458,6.045458,0
VTH,7/2/2020,6.045458,6.045458,6.045458,6.045458,0
VTH,7/3/2020,6.045458,6.045458,6.045458,6.045458,0
VTH,7/6/2020,6.045458,6.045458,6.045458,6.045458,0
VTH,7/7/2020,6.045458,6.045458,6.045458,6.045458,0
VTH,7/8/2020,6.045458,6.045458,6.045458,6.045458,0
VTH,7/9/2020,6.045458,6.045458,6.045458,6.045458,0
VTH,7/10/2020,6.045458,6.045458,6.045458,6.045458,0
VTH,7/13/2020,6.045458,6.045458,6.045458,6.045458,0
VTH,7/14/2020,6.045458,6.045458,6.045458,6.045458,0
VTH,7/15/2020,6.045458,6.045458,6.045458,6.045458,0
VTH,7/16/2020,6.045458,6.045458,6.045458,6.045458,0
VTH,7/17/2020,6.045458,6.045458,6.045458,6.045458,0
VTH,7/20/2020,6.045458,6.045458,6.045458,6.045458,0
VTH,7/21/2020,6.045458,6.045458,6.045458,6.045458,0
VTH,7/22/2020,6.045458,6.045458,6.045458,6.045458,0
VTH,7/23/2020,6.045458,6.045458,6.045458,6.045458,0
VTH,7/24/2020,6.045458,6.045458,6.045458,6.045458,0
VTH,7/27/2020,6.045458,6.045458,6.045458,6.045458,0
VTH,7/28/2020,6.045458,6.045458,6.045458,6.045458,0
VTH,7/29/2020,6.045458,6.045458,6.045458,6.045458,0
VTH,7/30/2020,6.045458,6.045458,6.045458,6.045458,0
VTH,7/31/2020,6.045458,6.045458,6.045458,6.045458,0
VTH,8/3/2020,6.045458,6.045458,5.981822,5.981822,1000
VTH,8/4/2020,5.981822,5.981822,5.981822,5.981822,0
VTH,8/5/2020,5.981822,5.981822,5.981822,5.981822,0
VTH,8/6/2020,5.981822,5.981822,5.981822,5.981822,0
VTH,8/7/2020,5.981822,5.981822,5.981822,5.981822,0
VTH,8/10/2020,5.981822,5.981822,5.981822,5.981822,0
VTH,8/11/2020,5.981822,5.981822,5.981822,5.981822,0
VTH,8/12/2020,5.981822,5.981822,5.981822,5.981822,0
VTH,8/13/2020,5.981822,5.981822,5.981822,5.981822,0
VTH,8/14/2020,5.981822,5.981822,5.981822,5.981822,0
VTH,8/17/2020,5.981822,5.981822,5.981822,5.981822,0
VTH,8/18/2020,5.981822,5.981822,5.981822,5.981822,0
VTH,8/19/2020,5.981822,5.981822,5.981822,5.981822,0
VTH,8/20/2020,5.981822,5.981822,5.981822,5.981822,0
VTH,8/21/2020,5.981822,5.981822,5.981822,5.981822,0
VTH,8/24/2020,5.981822,5.981822,5.981822,5.981822,0
VTH,8/25/2020,5.981822,5.981822,5.981822,5.981822,0
VTH,8/26/2020,5.981822,5.981822,5.981822,5.981822,0
VTH,8/27/2020,5.981822,5.981822,5.981822,5.981822,0
VTH,8/28/2020,5.981822,5.981822,5.981822,5.981822,0
VTH,8/31/2020,5.981822,5.981822,5.981822,5.981822,0
VTH,9/1/2020,5.981822,5.981822,5.981822,5.981822,0
VTH,9/3/2020,5.981822,5.981822,5.981822,5.981822,0
VTH,9/4/2020,5.981822,5.981822,5.981822,5.981822,0
VTH,9/7/2020,5.981822,5.981822,5.981822,5.981822,0
VTH,9/8/2020,5.981822,5.981822,5.981822,5.981822,0
VTH,9/9/2020,5.981822,5.981822,5.981822,5.981822,0
VTH,9/10/2020,5.981822,5.981822,5.981822,5.981822,0
VTH,9/11/2020,5.981822,5.981822,5.981822,5.981822,0
VTH,9/14/2020,5.981822,5.981822,5.981822,5.981822,0
VTH,9/15/2020,5.981822,5.981822,5.981822,5.981822,0
VTH,9/16/2020,5.981822,5.981822,5.981822,5.981822,0
VTH,9/17/2020,5.981822,5.981822,5.981822,5.981822,0
VTH,9/18/2020,5.981822,5.981822,5.981822,5.981822,0
VTH,9/21/2020,5.981822,5.981822,5.981822,5.981822,0
VTH,9/22/2020,5.981822,5.981822,5.981822,5.981822,0
VTH,9/23/2020,5.981822,5.981822,5.981822,5.981822,0
VTH,9/24/2020,5.981822,5.981822,5.981822,5.981822,0
VTH,9/25/2020,5.981822,5.981822,5.981822,5.981822,0
VTH,9/28/2020,5.981822,5.981822,5.981822,5.981822,0
VTH,9/29/2020,5.981822,5.981822,5.981822,5.981822,0
VTH,9/30/2020,5.981822,5.981822,5.981822,5.981822,0
VTH,10/1/2020,5.981822,5.981822,5.981822,5.981822,0
VTH,10/2/2020,5.981822,5.981822,5.981822,5.981822,0
VTH,10/5/2020,5.981822,5.981822,5.981822,5.981822,0
VTH,10/6/2020,5.981822,5.981822,5.981822,5.981822,0
VTH,10/7/2020,5.981822,5.981822,5.981822,5.981822,0
VTH,10/8/2020,5.981822,5.981822,5.981822,5.981822,0
VTH,10/9/2020,5.981822,5.981822,5.981822,5.981822,0
VTH,10/12/2020,5.981822,5.981822,5.981822,5.981822,0
VTH,10/13/2020,5.981822,5.981822,5.981822,5.981822,0
VTH,10/14/2020,5.981822,5.981822,5.981822,5.981822,0
VTH,10/15/2020,5.981822,5.981822,5.981822,5.981822,0
VTH,10/16/2020,5.981822,5.981822,5.981822,5.981822,0
VTH,10/19/2020,5.981822,5.981822,5.981822,5.981822,0
VTH,10/20/2020,5.981822,5.981822,5.981822,5.981822,0
VTH,10/21/2020,5.981822,5.981822,5.981822,5.981822,0
VTH,10/22/2020,5.981822,5.981822,5.981822,5.981822,0
VTH,10/23/2020,5.981822,5.981822,5.981822,5.981822,0
VTH,10/26/2020,5.981822,5.981822,5.981822,5.981822,0
VTH,10/27/2020,5.981822,5.981822,5.981822,5.981822,0
VTH,10/28/2020,5.981822,5.981822,5.981822,5.981822,0
VTH,10/29/2020,5.981822,5.981822,5.981822,5.981822,0
VTH,10/30/2020,5.981822,5.981822,5.981822,5.981822,0
VTH,11/2/2020,5.981822,5.981822,5.981822,5.981822,0
VTH,11/3/2020,5.981822,5.981822,5.981822,5.981822,0
VTH,11/4/2020,5.981822,5.981822,5.981822,5.981822,0
VTH,11/5/2020,5.981822,5.981822,5.981822,5.981822,0
VTH,11/6/2020,5.981822,5.981822,5.981822,5.981822,0
VTH,11/9/2020,5.981822,5.981822,5.981822,5.981822,0
VTH,11/10/2020,5.981822,5.981822,5.981822,5.981822,0
VTH,11/11/2020,5.981822,5.981822,5.981822,5.981822,0
VTH,11/12/2020,5.981822,5.981822,5.981822,5.981822,0
VTH,11/13/2020,5.981822,5.981822,5.981822,5.981822,0
VTH,11/16/2020,5.981822,5.981822,5.981822,5.981822,0
VTH,11/17/2020,5.981822,5.981822,5.981822,5.981822,0
VTH,11/18/2020,5.981822,5.981822,5.981822,5.981822,0
VTH,11/19/2020,5.981822,5.981822,5.981822,5.981822,0
VTH,11/20/2020,5.981822,5.981822,5.981822,5.981822,0
VTH,11/23/2020,5.981822,5.981822,5.981822,5.981822,0
VTH,11/24/2020,5.981822,5.981822,5.981822,5.981822,0
VTH,11/25/2020,5.981822,5.981822,5.981822,5.981822,0
VTH,11/26/2020,5.981822,5.981822,5.981822,5.981822,0
VTH,11/27/2020,5.981822,5.981822,5.981822,5.981822,0
VTH,11/30/2020,5.981822,5.981822,5.981822,5.981822,0
VTH,12/1/2020,5.981822,5.981822,5.981822,5.981822,0
VTH,12/2/2020,5.981822,5.981822,5.981822,5.981822,0
VTH,12/3/2020,5.981822,5.981822,5.981822,5.981822,0
VTH,12/4/2020,5.981822,5.981822,5.981822,5.981822,0
VTH,12/7/2020,5.981822,5.981822,5.981822,5.981822,0
VTH,12/8/2020,5.981822,5.981822,5.981822,5.981822,0
VTH,12/9/2020,5.981822,5.981822,5.981822,5.981822,0
VTH,12/10/2020,5.981822,5.981822,5.981822,5.981822,0
VTH,12/11/2020,5.981822,5.981822,5.981822,5.981822,0
VTH,12/14/2020,6.045458,6.045458,6.045458,6.045458,100
VTH,12/15/2020,6.045458,6.045458,6.045458,6.045458,0
VTH,12/16/2020,6.045458,6.045458,6.045458,6.045458,0
VTH,12/17/2020,6.045458,6.045458,6.045458,6.045458,0
VTH,12/18/2020,5.981822,5.981822,5.981822,5.981822,100
VTH,12/21/2020,5.981822,5.981822,5.981822,5.981822,0
VTH,12/22/2020,5.981822,5.981822,5.981822,5.981822,0
VTH,12/23/2020,5.981822,5.981822,5.981822,5.981822,0
VTH,12/24/2020,5.981822,5.981822,5.981822,5.981822,0
VTH,12/25/2020,5.981822,5.981822,5.981822,5.981822,0
VTH,12/28/2020,5.981822,5.981822,5.981822,5.981822,0
VTH,12/29/2020,5.981822,5.981822,5.981822,5.981822,0
VTH,12/30/2020,5.981822,5.981822,5.981822,5.981822,0
VTH,12/31/2020,5.981822,5.981822,5.981822,5.981822,0
VTH,1/4/2021,5.981822,5.981822,5.981822,5.981822,900
VTH,1/5/2021,5.981822,5.981822,5.981822,5.981822,0
VTH,1/6/2021,5.981822,5.981822,5.981822,5.981822,0
VTH,1/7/2021,5.981822,5.981822,5.981822,5.981822,0
VTH,1/8/2021,5.981822,5.981822,5.981822,5.981822,0
VTH,1/11/2021,5.981822,5.981822,5.981822,5.981822,0
VTH,1/12/2021,5.981822,5.981822,5.981822,5.981822,0
VTH,1/13/2021,5.981822,5.981822,5.981822,5.981822,0
VTH,1/14/2021,5.981822,5.981822,5.981822,5.981822,0
VTH,1/15/2021,5.981822,5.981822,5.981822,5.981822,0
VTH,1/18/2021,5.981822,5.981822,5.981822,5.981822,0
VTH,1/19/2021,5.981822,5.981822,5.981822,5.981822,0
VTH,1/20/2021,5.981822,5.981822,5.981822,5.981822,0
VTH,1/21/2021,5.981822,5.981822,5.981822,5.981822,0
VTH,1/22/2021,5.981822,5.981822,5.981822,5.981822,0
VTH,1/25/2021,5.981822,5.981822,5.981822,5.981822,0
VTH,1/26/2021,5.981822,5.981822,5.981822,5.981822,0
VTH,1/27/2021,5.981822,5.981822,5.981822,5.981822,0
VTH,1/28/2021,5.981822,5.981822,5.981822,5.981822,0
VTH,1/29/2021,5.981822,5.981822,5.981822,5.981822,0
VTH,2/1/2021,5.981822,5.981822,5.981822,5.981822,0
VTH,2/2/2021,5.981822,5.981822,5.981822,5.981822,0
VTH,2/3/2021,5.981822,5.981822,5.981822,5.981822,0
VTH,2/4/2021,5.981822,5.981822,5.981822,5.981822,0
VTH,2/5/2021,5.981822,5.981822,5.981822,5.981822,0
VTH,2/8/2021,5.981822,5.981822,5.981822,5.981822,0
VTH,2/9/2021,5.981822,5.981822,5.981822,5.981822,0
VTH,2/17/2021,5.981822,5.981822,5.981822,5.981822,0
VTH,2/18/2021,5.981822,5.981822,5.981822,5.981822,0
VTH,2/19/2021,5.981822,5.981822,5.981822,5.981822,0
VTH,2/22/2021,5.981822,5.981822,5.981822,5.981822,0
VTH,2/23/2021,5.981822,5.981822,5.981822,5.981822,0
VTH,2/24/2021,5.981822,5.981822,5.981822,5.981822,0
VTH,2/25/2021,5.981822,5.981822,5.981822,5.981822,0
VTH,2/26/2021,5.981822,5.981822,5.981822,5.981822,0
VTH,3/1/2021,5.981822,5.981822,5.981822,5.981822,0
VTH,3/2/2021,5.981822,5.981822,5.981822,5.981822,0
VTH,3/3/2021,5.981822,5.981822,5.981822,5.981822,0
VTH,3/4/2021,5.981822,5.981822,5.981822,5.981822,0
VTH,3/5/2021,5.981822,5.981822,5.981822,5.981822,0
VTH,3/8/2021,5.981822,5.981822,5.981822,5.981822,0
VTH,3/9/2021,5.981822,5.981822,5.981822,5.981822,0
VTH,3/10/2021,5.981822,5.981822,5.981822,5.981822,0
VTH,3/11/2021,5.981822,5.981822,5.981822,5.981822,0
VTH,3/12/2021,5.981822,5.981822,5.981822,5.981822,600
VTH,3/15/2021,5.981822,5.981822,5.981822,5.981822,0
VTH,3/16/2021,5.981822,5.981822,5.981822,5.981822,0
VTH,3/17/2021,5.981822,5.981822,5.981822,5.981822,0
VTH,3/18/2021,5.981822,5.981822,5.981822,5.981822,0
VTH,3/19/2021,5.727276,5.727276,5.727276,5.727276,100
VTH,3/22/2021,5.154548,5.154548,5.154548,5.154548,600
VTH,3/23/2021,5.154548,5.154548,4.77273,4.77273,4200
VTH,3/24/2021,4.77273,4.77273,4.77273,4.77273,0
VTH,3/25/2021,4.77273,4.77273,4.77273,4.77273,0
VTH,3/26/2021,5.090912,5.090912,5.090912,5.090912,100
VTH,3/29/2021,5.090912,5.090912,5.090912,5.090912,0
VTH,3/30/2021,5.090912,5.090912,5.090912,5.090912,0
VTH,3/31/2021,5.154548,5.154548,5.154548,5.154548,300
VTH,4/1/2021,5.090912,5.090912,5.090912,5.090912,100
VTH,4/2/2021,5.090912,5.090912,5.090912,5.090912,0
VTH,4/5/2021,5.090912,5.090912,5.090912,5.090912,0
VTH,4/6/2021,5.090912,5.090912,5.090912,5.090912,0
VTH,4/7/2021,5.090912,5.090912,5.090912,5.090912,0
VTH,4/8/2021,5.090912,5.090912,5.090912,5.090912,0
VTH,4/9/2021,5.027276,5.090912,5.027276,5.090912,1300
VTH,4/12/2021,5.090912,5.090912,5.090912,5.090912,0
VTH,4/13/2021,5.090912,5.090912,5.090912,5.090912,0
VTH,4/14/2021,5.090912,5.090912,5.090912,5.090912,0
VTH,4/15/2021,5.090912,5.090912,5.090912,5.090912,0
VTH,4/16/2021,5.090912,5.090912,5.090912,5.090912,100
VTH,4/19/2021,5.090912,5.090912,5.090912,5.090912,0
VTH,4/20/2021,5.090912,5.090912,5.090912,5.090912,0
VTH,4/22/2021,5.090912,5.090912,5.090912,5.090912,0
VTH,4/23/2021,5.090912,5.090912,5.090912,5.090912,0
VTH,4/26/2021,5.090912,5.090912,5.090912,5.090912,0
VTH,4/27/2021,5.090912,5.090912,5.090912,5.090912,0
VTH,4/28/2021,5.090912,5.090912,5.090912,5.090912,0
VTH,4/29/2021,5.090912,5.090912,5.090912,5.090912,0
VTH,5/4/2021,5.090912,5.090912,5.090912,5.090912,0
VTH,5/5/2021,5.090912,5.090912,5.090912,5.090912,0
VTH,5/6/2021,5.090912,5.090912,5.090912,5.090912,0
VTH,5/7/2021,5.090912,5.090912,5.090912,5.090912,0
VTH,5/10/2021,5.090912,5.090912,5.090912,5.090912,700
VTH,5/11/2021,5.090912,5.090912,5.090912,5.090912,0
VTH,5/12/2021,5.090912,5.090912,5.090912,5.090912,0
VTH,5/13/2021,5.600003,5.600003,5.600003,5.600003,100
VTH,5/14/2021,6.109095,6.109095,6.109095,6.109095,100
VTH,5/17/2021,6.681822,6.681822,6.554549,6.554549,200
VTH,5/18/2021,6.554549,6.554549,6.554549,6.554549,0
VTH,5/19/2021,7.190913,7.190913,7.190913,7.190913,2100
VTH,5/20/2021,7.572731,7.572731,7.572731,7.572731,100
VTH,5/21/2021,7.572731,7.572731,7.572731,7.572731,0
VTH,5/24/2021,7.572731,7.572731,7.572731,7.572731,0
VTH,5/25/2021,7.572731,7.572731,7.572731,7.572731,0
VTH,5/26/2021,7.572731,7.572731,7.572731,7.572731,0
VTH,5/27/2021,7.572731,7.572731,7.572731,7.572731,0
VTH,5/28/2021,7.572731,7.572731,7.572731,7.572731,0
VTH,5/31/2021,7.381823,7.381823,7.381823,7.381823,500
VTH,6/1/2021,7.381823,7.381823,7.381823,7.381823,0
VTH,6/2/2021,7.381823,7.381823,7.381823,7.381823,0
VTH,6/3/2021,7.381823,7.381823,7.381823,7.381823,0
VTH,6/4/2021,7.381823,7.381823,7.381823,7.381823,0
VTH,6/7/2021,7.381823,7.381823,7.381823,7.381823,0
VTH,6/8/2021,7.381823,7.381823,7.381823,7.381823,0
VTH,6/9/2021,7.381823,7.381823,7.381823,7.381823,0
VTH,6/10/2021,7.381823,7.381823,7.381823,7.381823,0
VTH,6/11/2021,7.381823,7.381823,7.381823,7.381823,0
VTH,6/14/2021,7.381823,7.381823,7.381823,7.381823,0
VTH,6/15/2021,7.381823,7.381823,7.381823,7.381823,0
VTH,6/16/2021,7.381823,7.381823,7.381823,7.381823,0
VTH,6/17/2021,7.381823,7.381823,7.381823,7.381823,0
VTH,6/18/2021,7.381823,7.381823,7.381823,7.381823,0
VTH,6/21/2021,7.381823,7.381823,7.381823,7.381823,0
VTH,6/22/2021,7.381823,7.381823,7.381823,7.381823,0
VTH,6/23/2021,7.381823,7.381823,7.381823,7.381823,0
VTH,6/24/2021,7.381823,7.381823,7.381823,7.381823,0
VTH,6/25/2021,7.381823,7.381823,7.381823,7.381823,0
VTH,6/28/2021,7.381823,7.381823,7.381823,7.381823,0
VTH,6/29/2021,7.381823,7.381823,7.381823,7.381823,0
VTH,6/30/2021,7.381823,7.381823,7.381823,7.381823,0
VTH,7/1/2021,7.381823,7.381823,7.381823,7.381823,0
VTH,7/2/2021,7.381823,7.381823,7.381823,7.381823,0
VTH,7/5/2021,7.381823,7.381823,7.381823,7.381823,0
VTH,7/6/2021,7.381823,7.381823,7.381823,7.381823,0
VTH,7/7/2021,7.381823,7.381823,7.381823,7.381823,0
VTH,7/8/2021,7.381823,7.381823,7.381823,7.381823,0
VTH,7/9/2021,7.381823,7.381823,7.381823,7.381823,0
VTH,7/12/2021,7.381823,7.381823,7.381823,7.381823,0
VTH,7/13/2021,7.381823,7.381823,7.381823,7.381823,0
VTH,7/14/2021,7.381823,7.381823,7.381823,7.381823,0
VTH,7/15/2021,7.381823,7.381823,7.381823,7.381823,0
VTH,7/16/2021,7.381823,7.381823,7.381823,7.381823,0
VTH,7/19/2021,7.381823,7.381823,7.381823,7.381823,0
VTH,7/20/2021,7.381823,7.381823,7.381823,7.381823,0
VTH,7/21/2021,7.381823,7.381823,7.381823,7.381823,0
VTH,7/22/2021,7.381823,7.381823,7.381823,7.381823,0
VTH,7/23/2021,7.381823,7.381823,7.381823,7.381823,0
VTH,7/26/2021,7.381823,7.381823,7.381823,7.381823,0
VTH,7/27/2021,6.681822,6.681822,6.681822,6.681822,200
VTH,7/28/2021,6.045458,6.490913,6.045458,6.490913,2400
VTH,7/29/2021,5.854549,5.854549,5.854549,5.854549,2700
VTH,7/30/2021,5.281821,5.409094,5.281821,5.409094,1300
VTH,8/2/2021,5.409094,5.409094,5.409094,5.409094,100
VTH,8/3/2021,5.600003,5.600003,5.600003,5.600003,100
VTH,8/4/2021,5.600003,5.600003,5.600003,5.600003,0
VTH,8/5/2021,5.090912,5.154548,5.090912,5.090912,400
VTH,8/6/2021,5.409094,5.409094,5.409094,5.409094,100
VTH,8/9/2021,5.66364,5.66364,5.66364,5.66364,100
VTH,8/10/2021,5.218185,5.218185,5.218185,5.218185,100
VTH,8/11/2021,5.218185,5.218185,5.218185,5.218185,0
VTH,8/12/2021,5.600003,5.600003,5.600003,5.600003,100
VTH,8/13/2021,5.600003,5.600003,5.600003,5.600003,0
VTH,8/16/2021,5.600003,5.600003,5.600003,5.600003,0
VTH,8/17/2021,5.600003,5.600003,5.600003,5.600003,200
VTH,8/18/2021,6.109095,6.109095,6.109095,6.109095,100
VTH,8/19/2021,6.109095,6.109095,6.109095,6.109095,0
VTH,8/20/2021,6.681822,6.681822,6.681822,6.681822,100
VTH,8/23/2021,6.681822,6.681822,6.681822,6.681822,100
VTH,8/24/2021,6.681822,6.681822,6.681822,6.681822,0
VTH,8/25/2021,6.681822,6.681822,6.681822,6.681822,0
VTH,8/26/2021,6.681822,6.681822,6.681822,6.681822,0
VTH,8/27/2021,6.681822,6.681822,6.681822,6.681822,0
VTH,8/30/2021,6.681822,6.681822,6.681822,6.681822,0
VTH,8/31/2021,7.25455,7.25455,6.045458,6.045458,2900
VTH,9/1/2021,5.981822,5.981822,5.918185,5.918185,400
VTH,9/6/2021,5.918185,5.918185,5.918185,5.918185,0
VTH,9/7/2021,5.918185,5.918185,5.918185,5.918185,0
VTH,9/8/2021,5.918185,5.918185,5.918185,5.918185,300
VTH,9/9/2021,6.427277,6.427277,6.427277,6.427277,100
VTH,9/10/2021,6.236367,6.236367,6.236367,6.236367,1000
VTH,9/13/2021,6.109095,6.109095,6.109095,6.109095,1000
VTH,9/14/2021,6.109095,6.109095,6.109095,6.109095,400
VTH,9/15/2021,6.681822,6.681822,6.681822,6.681822,100
VTH,9/16/2021,6.681822,6.681822,6.681822,6.681822,0
VTH,9/17/2021,6.681822,6.681822,6.681822,6.681822,0
VTH,9/20/2021,6.681822,6.681822,6.681822,6.681822,0
VTH,9/21/2021,6.427277,6.427277,6.045458,6.36364,500
VTH,9/22/2021,6.36364,6.36364,6.36364,6.36364,0
VTH,9/23/2021,6.36364,6.36364,6.36364,6.36364,0
VTH,9/24/2021,5.918185,5.918185,5.918185,5.918185,500
VTH,9/27/2021,6.236367,6.236367,6.236367,6.236367,100
VTH,9/28/2021,6.236367,6.236367,6.236367,6.236367,0
VTH,9/29/2021,6.109095,6.109095,6.109095,6.109095,100
VTH,9/30/2021,5.854549,6.36364,5.854549,6.36364,600
VTH,10/1/2021,6.36364,6.36364,6.36364,6.36364,0
VTH,10/4/2021,6.045458,6.045458,6.045458,6.045458,100
VTH,10/5/2021,6.045458,6.045458,6.045458,6.045458,500
VTH,10/6/2021,5.727276,5.981822,5.536367,5.981822,2100
VTH,10/7/2021,5.409094,6.236367,5.409094,6.236367,200
VTH,10/8/2021,5.854549,5.854549,5.854549,5.854549,1000
VTH,10/11/2021,5.790913,6.300004,5.790913,6.300004,1300
VTH,10/12/2021,6.300004,6.300004,6.300004,6.300004,0
VTH,10/13/2021,5.727276,6.300004,5.727276,6.300004,1200
VTH,10/14/2021,6.300004,6.300004,6.300004,6.300004,0
VTH,10/15/2021,6.300004,6.300004,6.300004,6.300004,0
VTH,10/18/2021,6.300004,6.300004,6.300004,6.300004,0
VTH,10/19/2021,6.300004,6.300004,6.300004,6.300004,0
VTH,10/20/2021,6.300004,6.300004,6.300004,6.300004,0
VTH,10/21/2021,6.300004,6.300004,6.300004,6.300004,0
VTH,10/22/2021,5.727276,6.872731,5.727276,6.872731,4500
VTH,10/25/2021,6.681822,6.872731,6.681822,6.872731,200
VTH,10/26/2021,6.872731,6.872731,6.872731,6.872731,0
VTH,10/27/2021,6.236367,6.554549,6.236367,6.236367,800
VTH,10/28/2021,6.236367,6.236367,5.66364,5.66364,2800
VTH,10/29/2021,5.66364,5.66364,5.66364,5.66364,0
VTH,11/1/2021,5.727276,5.727276,5.727276,5.727276,200
VTH,11/2/2021,5.854549,5.854549,5.854549,5.854549,2200
VTH,11/3/2021,5.854549,5.854549,5.854549,5.854549,300
VTH,11/4/2021,5.854549,5.854549,5.854549,5.854549,3900
VTH,11/5/2021,5.727276,6.427277,5.727276,6.427277,1200
VTH,11/8/2021,5.918185,6.427277,5.918185,6.427277,3500
VTH,11/9/2021,6.36364,7.063641,6.36364,7.063641,21300
VTH,11/10/2021,7.572731,7.763641,7.572731,7.763641,2900
VTH,11/11/2021,7.763641,8.527278,7.763641,8.527278,2300
VTH,11/12/2021,8.84546,9.35455,8.84546,9.35455,3600
VTH,11/15/2021,8.463641,10.24546,8.463641,10.24546,3600
VTH,11/16/2021,10.24546,11.26364,10.24546,11.26364,3400
VTH,11/17/2021,11.45455,12.34546,11.45455,12.34546,3900
VTH,11/18/2021,12.34546,12.34546,12.28183,12.28183,400
VTH,11/19/2021,12.28183,12.28183,12.28183,12.28183,0
VTH,11/22/2021,12.28183,12.28183,12.28183,12.28183,0
VTH,11/23/2021,12.28183,12.28183,12.28183,12.28183,0
VTH,11/24/2021,12.28183,12.28183,12.28183,12.28183,0
VTH,11/25/2021,12.28183,12.28183,12.28183,12.28183,0
VTH,11/26/2021,12.28183,12.28183,12.28183,12.28183,0
VTH,11/29/2021,12.4091,13.49092,12.4091,12.4091,800
VTH,11/30/2021,12.4091,12.4091,12.4091,12.4091,100
VTH,12/1/2021,13.61819,13.61819,12.09092,12.09092,300
VTH,12/2/2021,13.30001,13.30001,10.88182,12.09092,5300
VTH,12/3/2021,10.88182,10.88182,10.88182,10.88182,300
VTH,12/6/2021,9.800006,11.83637,9.800006,11.83637,4800
VTH,12/7/2021,11.83637,11.83637,10.69092,10.69092,800
VTH,12/8/2021,9.672732,9.672732,9.672732,9.672732,1700
VTH,12/9/2021,8.718186,8.718186,8.718186,8.718186,1200
VTH,12/10/2021,7.890913,7.890913,7.890913,7.890913,3100
VTH,12/13/2021,7.127277,8.590914,7.127277,8.590914,16600
VTH,12/14/2021,8.590914,8.590914,8.590914,8.590914,0
VTH,12/15/2021,7.763641,7.763641,7.763641,7.763641,1900
VTH,12/16/2021,7.127277,7.509095,7.000004,7.127277,8900
VTH,12/17/2021,7.190913,7.190913,7.127277,7.127277,2100
VTH,12/20/2021,6.745459,6.936368,6.745459,6.936368,200
VTH,12/21/2021,6.936368,6.936368,6.936368,6.936368,0
VTH,12/22/2021,6.490913,6.490913,6.490913,6.490913,600
VTH,12/23/2021,6.490913,6.490913,6.490913,6.490913,0
VTH,12/24/2021,6.490913,7.127277,6.490913,7.127277,400
VTH,12/27/2021,6.936368,7.763641,6.936368,7.763641,500
VTH,12/28/2021,7.763641,7.763641,7.572731,7.572731,400
VTH,12/29/2021,7.636368,7.636368,7.572731,7.636368,900
VTH,12/30/2021,7.95455,7.95455,7.95455,7.95455,1500
VTH,12/31/2021,7.95455,7.95455,7.95455,7.95455,0
VTH,1/4/2022,7.95455,7.95455,7.95455,7.95455,0
VTH,1/5/2022,7.25455,7.25455,7.25455,7.25455,100
VTH,1/6/2022,7.95455,7.95455,7.636368,7.636368,15000
VTH,1/7/2022,7.636368,7.636368,7.636368,7.636368,0
VTH,1/10/2022,7.636368,7.636368,7.636368,7.636368,0
VTH,1/11/2022,7.636368,7.636368,7.636368,7.636368,0
VTH,1/12/2022,7.636368,7.636368,7.636368,7.636368,300
VTH,1/13/2022,7.636368,7.636368,7.636368,7.636368,0
VTH,1/14/2022,6.936368,7.572731,6.936368,7.572731,700
VTH,1/17/2022,7.572731,7.572731,7.572731,7.572731,0
VTH,1/18/2022,6.936368,6.936368,6.936368,6.936368,100
VTH,1/19/2022,6.490913,6.490913,6.427277,6.427277,200
VTH,1/20/2022,7.000004,7.000004,7.000004,7.000004,200
VTH,1/21/2022,6.936368,6.936368,6.936368,6.936368,100
VTH,1/24/2022,6.936368,6.936368,6.936368,6.936368,0
VTH,1/25/2022,6.936368,6.936368,6.936368,6.936368,0
VTH,1/26/2022,7.381823,7.381823,7.381823,7.381823,200
VTH,1/27/2022,7.381823,7.381823,7.381823,7.381823,0
VTH,1/28/2022,7.381823,7.381823,7.381823,7.381823,0
VTH,2/7/2022,7.381823,7.381823,7.381823,7.381823,0
VTH,2/8/2022,7.381823,7.381823,7.381823,7.381823,0
VTH,2/9/2022,7.318186,7.318186,7.318186,7.318186,200
VTH,2/10/2022,7.318186,7.318186,7.318186,7.318186,0
VTH,2/11/2022,7.318186,7.318186,7.318186,7.318186,0
VTH,2/14/2022,7.318186,7.318186,7.318186,7.318186,0
VTH,2/15/2022,7.318186,7.318186,7.318186,7.318186,500
VTH,2/16/2022,7.318186,7.318186,7.318186,7.318186,100
VTH,2/17/2022,7.381823,7.381823,7.190913,7.190913,1100
VTH,2/18/2022,7.190913,7.190913,7.190913,7.190913,0
VTH,2/21/2022,7.190913,7.190913,7.190913,7.190913,0
VTH,2/22/2022,7.190913,7.190913,7.190913,7.190913,0
VTH,2/23/2022,7.190913,7.190913,7.190913,7.190913,0
VTH,2/24/2022,7.190913,7.190913,7.190913,7.190913,0
VTH,2/25/2022,7.190913,7.190913,7.190913,7.190913,0
VTH,2/28/2022,7.190913,7.190913,7.190913,7.190913,0
VTH,3/1/2022,7.318186,7.318186,7.318186,7.318186,100
VTH,3/2/2022,7.318186,7.318186,7.318186,7.318186,0
VTH,3/3/2022,7.318186,7.318186,7.318186,7.318186,0
VTH,3/4/2022,7.000004,8.018187,7.000004,7.95455,7500
VTH,3/7/2022,7.95455,7.95455,7.95455,7.95455,0
VTH,3/8/2022,7.890913,7.890913,7.890913,7.890913,200
VTH,3/9/2022,7.890913,7.890913,7.890913,7.890913,0
VTH,3/10/2022,7.890913,7.890913,7.890913,7.890913,100
VTH,3/11/2022,7.890913,7.890913,7.890913,7.890913,100
VTH,3/14/2022,7.890913,7.890913,7.890913,7.890913,100
VTH,3/15/2022,7.890913,7.890913,7.890913,7.890913,0
VTH,3/16/2022,7.127277,7.127277,7.127277,7.127277,100
VTH,3/17/2022,7.127277,7.127277,7.127277,7.127277,0
VTH,3/18/2022,7.127277,7.127277,7.127277,7.127277,0
VTH,3/21/2022,6.554549,6.681822,6.554549,6.618186,2800
VTH,3/22/2022,7.190913,7.190913,7.190913,7.190913,100
VTH,3/23/2022,7.190913,7.190913,7.190913,7.190913,900
VTH,3/24/2022,7.000004,7.000004,7.000004,7.000004,100
VTH,3/25/2022,7.509095,7.509095,7.509095,7.509095,100
VTH,3/28/2022,6.936368,6.936368,6.872731,6.872731,200
VTH,3/29/2022,6.872731,6.872731,6.872731,6.872731,0
VTH,3/30/2022,6.872731,6.872731,6.872731,6.872731,0
VTH,3/31/2022,6.872731,6.872731,6.872731,6.872731,0
VTH,4/1/2022,7.381823,7.381823,7.318186,7.318186,300
VTH,4/4/2022,7.318186,7.318186,7.318186,7.318186,0
VTH,4/5/2022,7.318186,7.318186,7.318186,7.318186,0
VTH,4/6/2022,7.318186,7.318186,7.318186,7.318186,0
VTH,4/7/2022,7.318186,7.318186,7.318186,7.318186,0
VTH,4/8/2022,7.318186,7.318186,7.318186,7.318186,0
VTH,4/12/2022,7.636368,7.636368,7.636368,7.636368,500
VTH,4/13/2022,7.636368,7.636368,7.636368,7.636368,0
VTH,4/14/2022,6.936368,6.936368,6.936368,6.936368,800
VTH,4/15/2022,6.936368,6.936368,6.936368,6.936368,0
VTH,4/18/2022,6.936368,6.936368,6.936368,6.936368,0
VTH,4/19/2022,6.427277,6.427277,6.427277,6.427277,200
VTH,4/20/2022,6.427277,6.427277,6.427277,6.427277,0
VTH,4/21/2022,6.427277,6.427277,6.427277,6.427277,0
VTH,4/22/2022,6.427277,6.427277,6.427277,6.427277,0
VTH,4/25/2022,6.427277,6.427277,6.427277,6.427277,0
VTH,4/26/2022,6.427277,6.427277,6.427277,6.427277,0
VTH,4/27/2022,6.427277,6.427277,6.427277,6.427277,0
VTH,4/28/2022,7.063641,7.063641,7.063641,7.063641,100
VTH,4/29/2022,7.063641,7.063641,7.063641,7.063641,0
VTH,5/4/2022,7.063641,7.063641,7.063641,7.063641,0
VTH,5/5/2022,7.063641,7.063641,7.063641,7.063641,0
VTH,5/6/2022,7.063641,7.063641,7.063641,7.063641,0
VTH,5/9/2022,6.36364,6.36364,6.36364,6.36364,100
VTH,5/10/2022,7.000004,7.000004,7.000004,7.000004,100
VTH,5/11/2022,7.000004,7.000004,7.000004,7.000004,0
VTH,5/12/2022,7.000004,7.000004,7.000004,7.000004,0
VTH,5/13/2022,7.000004,7.000004,7.000004,7.000004,0
VTH,5/16/2022,7.000004,7.000004,7.000004,7.000004,0
VTH,5/17/2022,7.000004,7.000004,7.000004,7.000004,0
VTH,5/18/2022,7.000004,7.000004,7.000004,7.000004,0
VTH,5/19/2022,7.000004,7.000004,7.000004,7.000004,0
VTH,5/20/2022,7.000004,7.000004,7.000004,7.000004,0
VTH,5/23/2022,7.000004,7.000004,7.000004,7.000004,0
VTH,5/24/2022,7.000004,7.000004,7.000004,7.000004,0
VTH,5/25/2022,7.000004,7.000004,7.000004,7.000004,0
VTH,5/26/2022,7.000004,7.000004,7.000004,7.000004,0
VTH,5/27/2022,7.000004,7.000004,7.000004,7.000004,0
VTH,5/30/2022,7.000004,7.000004,7.000004,7.000004,0
VTH,5/31/2022,7.000004,7.000004,7.000004,7.000004,0
VTH,6/1/2022,7.000004,7.000004,7.000004,7.000004,0
VTH,6/2/2022,7.000004,7.000004,7.000004,7.000004,0
VTH,6/3/2022,7.000004,7.000004,7.000004,7.000004,0
VTH,6/6/2022,7.000004,7.000004,7.000004,7.000004,0
VTH,6/7/2022,7.000004,7.000004,7.000004,7.000004,0
VTH,6/8/2022,7.000004,7.000004,7.000004,7.000004,0
VTH,6/9/2022,7.000004,7.000004,7.000004,7.000004,0
VTH,6/10/2022,7.000004,7.000004,7.000004,7.000004,0
VTH,6/13/2022,7.000004,7.000004,7.000004,7.000004,0
VTH,6/14/2022,7.000004,7.000004,7.000004,7.000004,0
VTH,6/15/2022,7.000004,7.000004,7.000004,7.000004,0
VTH,6/16/2022,7.000004,7.000004,7.000004,7.000004,0
VTH,6/17/2022,7.000004,7.000004,7.000004,7.000004,0
VTH,6/20/2022,7.000004,7.000004,7.000004,7.000004,0
VTH,6/21/2022,7.000004,7.000004,7.000004,7.000004,0
VTH,6/22/2022,7.000004,7.000004,7.000004,7.000004,0
VTH,6/23/2022,7.000004,7.000004,7.000004,7.000004,0
VTH,6/24/2022,7.000004,7.000004,7.000004,7.000004,0
VTH,6/27/2022,7.000004,7.000004,7.000004,7.000004,0
VTH,6/28/2022,7.000004,7.000004,7.000004,7.000004,0
VTH,6/29/2022,7.000004,7.000004,7.000004,7.000004,0
VTH,6/30/2022,7.000004,7.000004,7.000004,7.000004,0
VTH,7/1/2022,7.000004,7.000004,7.000004,7.000004,0
VTH,7/4/2022,7.000004,7.000004,7.000004,7.000004,0
VTH,7/5/2022,7.000004,7.000004,7.000004,7.000004,0
VTH,7/6/2022,7.000004,7.000004,7.000004,7.000004,0
VTH,7/7/2022,7.000004,7.000004,7.000004,7.000004,0
VTH,7/8/2022,7.000004,7.000004,7.000004,7.000004,0
VTH,7/11/2022,7.000004,7.000004,7.000004,7.000004,0
VTH,7/12/2022,7.000004,7.000004,7.000004,7.000004,0
VTH,7/13/2022,7.000004,7.000004,7.000004,7.000004,0
VTH,7/14/2022,7.000004,7.000004,7.000004,7.000004,0
VTH,7/15/2022,7.000004,7.000004,7.000004,7.000004,0
VTH,7/18/2022,7.000004,7.000004,7.000004,7.000004,0
VTH,7/19/2022,7.000004,7.000004,7.000004,7.000004,0
VTH,7/20/2022,6.300004,6.36364,6.300004,6.36364,5000
VTH,7/21/2022,6.36364,6.36364,6.36364,6.36364,0
VTH,7/22/2022,6.36364,6.36364,6.36364,6.36364,0
VTH,7/25/2022,6.936368,7.000004,6.936368,7.000004,6000
VTH,7/26/2022,7.700005,7.700005,7.700005,7.700005,18600
VTH,7/27/2022,8.4,8.4,8.4,8.4,1400
VTH,7/28/2022,9.2,9.2,9,9,3200
VTH,7/29/2022,8.5,9,8.1,9,4200
VTH,8/1/2022,8.2,8.2,8.1,8.1,3800
VTH,8/2/2022,7.3,7.5,7.3,7.4,5300
VTH,8/3/2022,7.1,7.9,7.1,7.1,5300
VTH,8/4/2022,7.1,7.1,7.1,7.1,100
VTH,8/5/2022,7.3,7.4,7.1,7.1,1200
VTH,8/8/2022,7,7,7,7,2300
VTH,8/9/2022,7.1,7.1,7.1,7.1,100
VTH,8/10/2022,7.3,7.3,7.2,7.3,300
VTH,8/11/2022,7.1,7.1,7.1,7.1,1500
VTH,8/12/2022,7.2,7.2,6.9,7.2,2000
VTH,8/15/2022,7.6,7.6,7.1,7.1,500
VTH,8/16/2022,7.5,7.5,7.5,7.5,100
VTH,8/17/2022,7.5,7.5,7.5,7.5,0
VTH,8/18/2022,7.5,7.5,7.5,7.5,0
VTH,8/19/2022,7.5,7.5,7.5,7.5,0
VTH,8/22/2022,7.9,7.9,7.7,7.8,500
VTH,8/23/2022,7.8,7.8,7.8,7.8,0
VTH,8/24/2022,7.8,7.8,7.8,7.8,0
VTH,8/25/2022,7.8,7.8,7.8,7.8,0
VTH,8/26/2022,7.8,7.8,7.8,7.8,0
VTH,8/29/2022,7.1,7.1,7.1,7.1,1200
VTH,8/30/2022,7.5,7.5,7.5,7.5,100
VTH,8/31/2022,6.9,7.3,6.8,7.3,800
VTH,9/5/2022,7.3,7.3,7.3,7.3,0
VTH,9/6/2022,7.3,7.3,7.3,7.3,0
VTH,9/7/2022,6.8,7.2,6.7,7.2,600
VTH,9/8/2022,7.2,7.2,7.2,7.2,0
VTH,9/9/2022,7.2,7.2,7.2,7.2,0
VTH,9/12/2022,7.2,7.2,7.2,7.2,0
VTH,9/13/2022,7.5,7.5,7.5,7.5,100
VTH,9/14/2022,7.5,7.5,7.5,7.5,2200
VTH,9/15/2022,7.5,8.1,7.5,8.1,600
VTH,9/16/2022,8.1,8.1,8.1,8.1,0
VTH,9/19/2022,8.1,8.1,8.1,8.1,0
VTH,9/20/2022,7.7,7.7,7.7,7.7,3100
VTH,9/21/2022,7.9,7.9,7.7,7.7,200
VTH,9/22/2022,7.7,7.7,7.7,7.7,0
VTH,9/23/2022,7.7,7.7,7.7,7.7,0
VTH,9/26/2022,7,7,7,7,800
VTH,9/27/2022,7.6,7.6,7.6,7.6,100
VTH,9/28/2022,7.9,7.9,7.9,7.9,100
VTH,9/29/2022,7.9,7.9,7.9,7.9,0
VTH,9/30/2022,7.9,7.9,7.9,7.9,0
VTH,10/3/2022,8,8,8,8,100
VTH,10/4/2022,8,8,8,8,0
VTH,10/5/2022,8,8,8,8,0
VTH,10/6/2022,8,8,8,8,0
VTH,10/7/2022,8.7,8.7,8.7,8.7,100
VTH,10/10/2022,8.7,8.7,8.7,8.7,0
VTH,10/11/2022,8.7,8.7,8.7,8.7,0
VTH,10/12/2022,7.9,9.4,7.9,9.4,2200
VTH,10/13/2022,9.4,9.4,9.4,9.4,0
VTH,10/14/2022,9.4,9.4,9.4,9.4,0
VTH,10/17/2022,9.4,9.4,9.4,9.4,0
VTH,10/18/2022,9.4,9.4,9.4,9.4,0
VTH,10/19/2022,8.5,9.4,8.5,9.4,200
VTH,10/20/2022,9.4,9.4,9.4,9.4,0
VTH,10/21/2022,10.3,10.3,8.5,8.5,2600
VTH,10/24/2022,8.5,8.5,8.5,8.5,0
VTH,10/25/2022,9.3,9.3,8.4,8.4,600
VTH,10/26/2022,9.2,9.2,7.6,7.6,900
VTH,10/27/2022,8.3,8.3,6.9,8,4200
VTH,10/28/2022,8.2,8.8,8.2,8.8,600
VTH,10/31/2022,9.3,9.3,9.3,9.3,100
VTH,11/1/2022,9.3,9.3,9.3,9.3,0
VTH,11/2/2022,9.3,9.3,9.3,9.3,0
VTH,11/3/2022,9.3,9.3,9.3,9.3,0
VTH,11/4/2022,9.4,9.4,9.4,9.4,100
VTH,11/7/2022,9.4,9.4,9.4,9.4,0
VTH,11/8/2022,10.1,10.1,10.1,10.1,100
VTH,11/9/2022,10.1,10.1,10.1,10.1,0
VTH,11/10/2022,10.1,10.1,10.1,10.1,0
VTH,11/11/2022,10.1,10.1,10.1,10.1,0
VTH,11/14/2022,10.1,10.1,10.1,10.1,0
VTH,11/15/2022,10.1,10.9,9.1,9.1,300
VTH,11/16/2022,8.2,8.2,8.2,8.2,100
VTH,11/17/2022,8.9,8.9,7.4,8.2,1400
VTH,11/18/2022,8.7,8.7,7.4,7.7,700
VTH,11/21/2022,8.4,8.4,7.3,7.4,300
VTH,11/22/2022,8,8,6.7,6.7,500
VTH,11/23/2022,7,7,7,7,300
VTH,11/24/2022,7.5,7.5,7.5,7.5,100
VTH,11/25/2022,8,8,8,8,100
VTH,11/28/2022,7.8,7.9,7.5,7.9,800
VTH,11/29/2022,7.2,7.4,7.2,7.4,4900
VTH,11/30/2022,7.9,7.9,7.9,7.9,100
VTH,12/1/2022,7.3,7.6,7.2,7.6,900
VTH,12/2/2022,8.3,8.3,7.7,7.7,2000
VTH,12/5/2022,7.9,7.9,7.9,7.9,100
VTH,12/6/2022,7.9,7.9,7.9,7.9,0
VTH,12/7/2022,7.9,7.9,7.9,7.9,0
VTH,12/8/2022,7.5,8.6,7.5,8.6,500
VTH,12/9/2022,7.8,7.8,7.8,7.8,2100
VTH,12/12/2022,8.1,8.1,8.1,8.1,100
VTH,12/13/2022,8.1,8.1,8.1,8.1,0
VTH,12/14/2022,8.1,8.1,8.1,8.1,0
VTH,12/15/2022,8.3,8.3,7.3,7.3,200
VTH,12/16/2022,7.7,7.7,7,7.5,5800
VTH,12/19/2022,7.9,7.9,7.9,7.9,100
VTH,12/20/2022,7.9,7.9,7.9,7.9,0
VTH,12/21/2022,7.9,7.9,7.9,7.9,0
VTH,12/22/2022,7.9,7.9,7.9,7.9,0
VTH,12/23/2022,7.9,7.9,7.9,7.9,0
VTH,12/26/2022,7.9,7.9,7.9,7.9,0
VTH,12/27/2022,8.6,8.6,7.9,7.9,600
VTH,12/28/2022,7.9,7.9,7.9,7.9,0
VTH,12/29/2022,8.2,8.2,8.2,8.2,100
VTH,12/30/2022,8.2,8.2,8.2,8.2,0
VTH,1/3/2023,8.2,8.2,8.2,8.2,0
VTH,1/4/2023,8.5,8.5,7.4,7.9,500
VTH,1/5/2023,7.4,8.5,7.2,8.5,9100
VTH,1/6/2023,8.5,8.5,8.5,8.5,0
VTH,1/9/2023,8.5,8.5,8.5,8.5,0
VTH,1/10/2023,8.5,8.5,8.5,8.5,0
VTH,1/11/2023,8.5,8.5,8.5,8.5,0
VTH,1/12/2023,7.7,7.7,7.7,7.7,600
VTH,1/13/2023,7.9,7.9,7.9,7.9,100
VTH,1/16/2023,7.9,7.9,7.9,7.9,0
VTH,1/17/2023,8.1,8.1,8.1,8.1,100
VTH,1/18/2023,8.2,8.2,8.2,8.2,100
VTH,1/19/2023,8.2,8.2,8.2,8.2,0
VTH,1/27/2023,8.2,8.2,8.2,8.2,0
VTH,1/30/2023,7.7,7.7,7.7,7.7,100
VTH,1/31/2023,8.1,8.1,7.3,7.7,700
VTH,2/1/2023,7.7,7.7,7.7,7.7,0
VTH,2/2/2023,8.1,8.1,8.1,8.1,100
VTH,2/3/2023,8.1,8.1,8.1,8.1,0
VTH,2/6/2023,8.1,8.1,8.1,8.1,0
VTH,2/7/2023,7.3,8,7.3,8,600
VTH,2/8/2023,8,8,8,8,0
VTH,2/9/2023,8,8,8,8,0
VTH,2/10/2023,8,8,8,8,0
VTH,2/13/2023,8,8,8,8,0
VTH,2/14/2023,7.2,7.2,7.2,7.2,500
VTH,2/15/2023,7.8,7.8,7.8,7.8,100
VTH,2/16/2023,7.8,7.8,7.8,7.8,0
VTH,2/17/2023,7.8,7.8,7.8,7.8,0
VTH,2/20/2023,7.1,7.8,7.1,7.8,600
VTH,2/21/2023,7.9,7.9,7.8,7.8,200
VTH,2/22/2023,7.9,7.9,7.9,7.9,100
VTH,2/23/2023,7.9,7.9,7.9,7.9,0
VTH,2/24/2023,7.9,7.9,7.9,7.9,0
VTH,2/27/2023,7.9,7.9,7.9,7.9,0
VTH,2/28/2023,7.9,7.9,7.9,7.9,0
VTH,3/1/2023,7.9,7.9,7.9,7.9,0
VTH,3/2/2023,7.9,8.2,7.9,8.2,200
VTH,3/3/2023,7.4,7.4,7.4,7.4,100
VTH,3/6/2023,7.9,7.9,7.4,7.4,600
VTH,3/7/2023,7.9,7.9,7.9,7.9,100
VTH,3/8/2023,8.2,8.2,8.2,8.2,100
VTH,3/9/2023,7.4,7.4,7.4,7.4,200
VTH,3/10/2023,7.9,7.9,7.9,7.9,100
VTH,3/13/2023,7.9,7.9,7.9,7.9,0
VTH,3/14/2023,8.4,8.4,8.4,8.4,100
VTH,3/15/2023,7.8,7.9,7.8,7.9,500
VTH,3/16/2023,7.9,7.9,7.9,7.9,0
VTH,3/17/2023,7.2,7.7,7.2,7.7,6300
VTH,3/20/2023,7.7,7.7,7.7,7.7,0
VTH,3/21/2023,7.8,7.8,7,7,300
VTH,3/22/2023,6.3,7.6,6.3,6.5,5300
VTH,3/23/2023,7,7.1,6.3,7.1,400
VTH,3/24/2023,7.4,7.4,6.5,6.5,200
VTH,3/27/2023,7.1,7.1,7.1,7.1,100
VTH,3/28/2023,7.5,7.5,7.3,7.3,200
VTH,3/29/2023,7.3,7.3,7.3,7.3,0
VTH,3/30/2023,7.6,7.6,6.6,7.3,700
VTH,3/31/2023,6.7,7.1,6.6,7.1,800
VTH,4/3/2023,6.6,7,6.4,6.4,4300
VTH,4/4/2023,6.7,6.7,5.8,6.4,3400
VTH,4/5/2023,6.4,6.7,6.4,6.7,2900
VTH,4/6/2023,6.7,6.7,6.7,6.7,0
VTH,4/7/2023,6.2,6.6,6.2,6.6,300
VTH,4/10/2023,6.2,6.5,6.2,6.5,200
VTH,4/11/2023,6.5,6.5,6.5,6.5,0
VTH,4/12/2023,6.5,6.7,6.5,6.7,400
VTH,4/13/2023,6.3,6.9,6.3,6.9,5100
VTH,4/14/2023,7.3,7.3,7.3,7.3,100
VTH,4/17/2023,7.7,7.7,7.7,7.7,100
VTH,4/18/2023,7.7,7.7,7.7,7.7,0
VTH,4/19/2023,7.7,7.7,7.7,7.7,0
VTH,4/20/2023,7.7,7.7,7.7,7.7,0
VTH,4/21/2023,8,8,8,8,100
VTH,4/24/2023,8,8,8,8,0
VTH,4/25/2023,8,8,8,8,0
VTH,4/26/2023,8,8,8,8,0
VTH,4/27/2023,8,8,8,8,0
VTH,4/28/2023,7.2,8,7.2,8,700
VTH,5/4/2023,8,8,8,8,0
VTH,5/5/2023,8,8,8,8,0
VTH,5/8/2023,8,8,8,8,0
VTH,5/9/2023,8,8,8,8,0
VTH,5/10/2023,8,8.7,7.2,7.7,1400
VTH,5/11/2023,7.7,8.3,7.1,8.3,2400
VTH,5/12/2023,7.5,7.9,7.5,7.5,3200
VTH,5/15/2023,8,8,7,7.8,800
VTH,5/16/2023,7.1,7.6,7.1,7.6,800
VTH,5/17/2023,7.6,7.6,7.6,7.6,0
VTH,5/18/2023,7.6,7.6,7.6,7.6,0
VTH,5/19/2023,7.6,7.6,7.6,7.6,0
VTH,5/22/2023,7.6,7.6,7.6,7.6,0
VTH,5/23/2023,6.9,6.9,6.9,6.9,1000
VTH,5/24/2023,7.1,7.1,7.1,7.1,100
VTH,5/25/2023,7.1,7.1,7.1,7.1,0
VTH,5/26/2023,6.4,7,6.4,7,1300
VTH,5/29/2023,7,7,6.4,6.4,400
VTH,5/30/2023,6.8,6.9,6.8,6.9,200
VTH,5/31/2023,7.4,7.4,7.4,7.4,100
VTH,6/1/2023,7.9,7.9,7.9,7.9,100
VTH,6/2/2023,7.9,7.9,7.9,7.9,0
VTH,6/5/2023,7.2,7.8,7.2,7.8,200
VTH,6/6/2023,7.8,7.8,7.8,7.8,0
VTH,6/7/2023,7.8,7.8,7.8,7.8,0
VTH,6/8/2023,7.8,8.3,7.8,8.3,200
VTH,6/9/2023,7.5,9.1,7.5,9.1,5600
VTH,6/12/2023,9,10,9,9.9,7700
VTH,6/13/2023,10.7,10.8,10.5,10.6,21700
VTH,6/14/2023,11.3,11.3,10.6,11.3,500
VTH,6/15/2023,11.3,11.3,11.3,11.3,0
VTH,6/16/2023,11.3,11.3,11.3,11.3,0
VTH,6/19/2023,11.3,11.3,11.3,11.3,0
VTH,6/20/2023,11.3,11.3,11.3,11.3,0
VTH,6/21/2023,11.3,11.3,11.3,11.3,2000
VTH,6/22/2023,11.3,11.3,11.3,11.3,0
VTH,6/23/2023,10.2,10.2,10.2,10.2,200
VTH,6/26/2023,10.2,10.2,10.2,10.2,0
VTH,6/27/2023,10.5,10.5,10.5,10.5,100
VTH,6/28/2023,10.5,10.5,10.5,10.5,0
VTH,6/29/2023,11.2,11.2,10.3,10.3,400
VTH,6/30/2023,10.3,10.3,10.3,10.3,0
VTH,7/3/2023,11,11,11,11,100
VTH,7/4/2023,11.9,11.9,10.5,10.7,3600
VTH,7/5/2023,10.7,10.7,10.7,10.7,0
VTH,7/6/2023,10.7,10.7,10.7,10.7,0
VTH,7/7/2023,11.5,11.5,11.5,11.5,200
VTH,7/10/2023,11.5,11.5,11.5,11.5,0
VTH,7/11/2023,11.5,11.5,11.5,11.5,0
VTH,7/12/2023,10.4,10.4,10.4,10.4,100
VTH,7/13/2023,9.4,9.4,9.4,9.4,1600
VTH,7/14/2023,8.5,8.5,8.5,8.5,1400
VTH,7/17/2023,7.9,8.8,7.9,8.8,18900
VTH,7/18/2023,9.3,9.3,8,8.7,1000
VTH,7/19/2023,8,8.6,7.9,7.9,2400
VTH,7/20/2023,8.3,8.3,7.9,7.9,300
VTH,7/21/2023,7.9,7.9,7.9,7.9,0
VTH,7/24/2023,7.5,8,7.4,8,1300
VTH,7/25/2023,8,8,8,8,0
VTH,7/26/2023,7.9,8.4,7.3,8.2,3900
VTH,7/27/2023,8.1,8.9,8.1,8.9,1300
VTH,7/28/2023,8.9,9.4,8.9,9.4,200
VTH,7/31/2023,8.5,9.1,8.5,8.5,6400
VTH,8/1/2023,8.5,8.5,8.5,8.5,0
VTH,8/2/2023,9.1,9.1,9.1,9.1,100
VTH,8/3/2023,8.4,8.4,8.2,8.4,2200
VTH,8/4/2023,8.8,8.8,7.7,7.7,1900
VTH,8/7/2023,8.2,8.2,7.7,8.2,800
VTH,8/8/2023,8.6,8.6,8.3,8.3,300
VTH,8/9/2023,8.3,8.3,8.3,8.3,0
VTH,8/10/2023,8.3,8.3,8.3,8.3,0
VTH,8/11/2023,8.1,8.1,8.1,8.1,3000
VTH,8/14/2023,8.4,8.4,7.5,8.4,500
VTH,8/15/2023,8.2,8.2,7.6,7.6,600
VTH,8/16/2023,7.3,8.1,7.3,8,16100
VTH,8/17/2023,8,8,8,8,0
VTH,8/18/2023,7.3,7.6,7.3,7.6,200
VTH,8/21/2023,8.3,8.3,6.9,7.7,3200
VTH,8/22/2023,7.7,7.7,7.7,7.7,0
VTH,8/23/2023,7,7.6,7,7.6,1200
VTH,8/24/2023,7,7.6,7,7.6,200
VTH,8/25/2023,7,7.7,7,7.7,2300
VTH,8/28/2023,7.7,7.7,7.7,7.7,0
VTH,8/29/2023,7,7.6,7,7.6,400
VTH,8/30/2023,7.6,7.6,7.6,7.6,0
VTH,8/31/2023,7.7,7.7,7,7.7,4500
VTH,9/5/2023,7.6,7.6,7.2,7.6,10200
VTH,9/6/2023,8.1,8.1,7.8,7.8,2600
VTH,9/7/2023,7.6,7.6,7.6,7.6,1000
VTH,9/8/2023,7.6,8.3,7.6,8,2100
VTH,9/11/2023,8,8,8,8,0
VTH,9/12/2023,8.6,8.6,8.1,8.1,200
VTH,9/13/2023,8.1,8.1,8.1,8.1,0
VTH,9/14/2023,8.7,8.7,8.7,8.7,100
VTH,9/15/2023,8.7,9.3,8.7,8.8,300
VTH,9/18/2023,8,8,8,8,200
VTH,9/19/2023,8.6,8.6,7.2,8.2,300
VTH,9/20/2023,8.6,8.6,7.4,8.2,1200
VTH,9/21/2023,8.5,8.5,7.8,7.8,1500
VTH,9/22/2023,7.8,7.8,7.5,7.7,2100
VTH,9/25/2023,7.7,7.7,7.7,7.7,0
VTH,9/26/2023,7.7,7.7,7.7,7.7,0
VTH,9/27/2023,7.7,7.7,7.7,7.7,0
VTH,9/28/2023,7.7,7.7,7.7,7.7,0
VTH,9/29/2023,7.7,7.7,7.7,7.7,0
VTH,10/2/2023,7.9,7.9,7.9,7.9,1100
VTH,10/3/2023,7.9,7.9,7.9,7.9,0
VTH,10/4/2023,7.9,7.9,7.9,7.9,0
VTH,10/5/2023,7.9,7.9,7.9,7.9,0
VTH,10/6/2023,7.9,7.9,7.9,7.9,0
VTH,10/9/2023,7.9,8.5,7.9,8.5,400
VTH,10/10/2023,9.1,9.1,7.9,7.9,200
VTH,10/11/2023,7.9,7.9,7.9,7.9,0
VTH,10/12/2023,7.9,7.9,7.9,7.9,0
VTH,10/13/2023,8.5,8.5,8.5,8.5,100
VTH,10/16/2023,8.5,8.5,8.5,8.5,0
VTH,10/17/2023,8,8,8,8,100
VTH,10/18/2023,8,8,8,8,0
VTH,10/19/2023,8,8,8,8,0
VTH,10/20/2023,8,8,8,8,0
VTH,10/23/2023,8,8,8,8,0
VTH,10/24/2023,7.2,7.8,7.2,7.8,1000
VTH,10/25/2023,7.8,7.8,7.8,7.8,0
VTH,10/26/2023,7.8,7.8,7.8,7.8,0
VTH,10/27/2023,7.8,7.8,7.8,7.8,0
VTH,10/30/2023,7.1,7.5,7.1,7.5,1100
VTH,10/31/2023,6.8,7.9,6.8,7.9,10900
VTH,11/1/2023,7.9,7.9,7.9,7.9,0
VTH,11/2/2023,7.2,7.6,7.2,7.4,400
VTH,11/3/2023,7.4,7.4,7.4,7.4,0
VTH,11/6/2023,7.7,7.7,7.7,7.7,100
VTH,11/7/2023,7.7,7.7,7.7,7.7,0
VTH,11/8/2023,7.9,7.9,7.9,7.9,100
VTH,11/9/2023,7.9,7.9,7.9,7.9,0
VTH,11/10/2023,8.1,8.1,8.1,8.1,100
VTH,11/13/2023,7.4,7.5,7.4,7.5,200
VTH,11/14/2023,6.8,7.7,6.8,7.3,4400
VTH,11/15/2023,6.6,7.4,6.6,6.6,1000
VTH,11/16/2023,6.6,7.2,6.6,7,3200
VTH,11/17/2023,7.2,7.6,7.2,7.2,500
VTH,11/20/2023,6.5,7.7,6.5,6.6,900
VTH,11/21/2023,6.5,7.2,6.5,7.2,300
VTH,11/22/2023,6.5,7.1,6.5,7.1,200
VTH,11/23/2023,6.4,7.3,6.4,7.3,1900
VTH,11/24/2023,7.3,7.3,7.3,7.3,0
VTH,11/27/2023,7.3,7.3,7.3,7.3,0
VTH,11/28/2023,6.6,7.1,6.6,7.1,200
VTH,11/29/2023,7.1,7.1,7.1,7.1,0
VTH,11/30/2023,6.4,7,6.4,7,200
VTH,12/1/2023,6.8,7.7,6.8,7.7,1300
VTH,12/4/2023,7.3,8.4,7.3,8.4,25300
VTH,12/5/2023,7.6,9.2,7.6,9.2,13300
VTH,12/6/2023,8.5,10,8.3,10,7200
VTH,12/7/2023,10.9,10.9,10.9,10.9,100
VTH,12/8/2023,11.6,11.6,10.4,11.2,1200
VTH,12/11/2023,10.1,10.1,10.1,10.1,100
VTH,12/12/2023,9.1,10.8,9.1,10.8,8300
VTH,12/13/2023,11.3,11.7,11.3,11.7,300
VTH,12/14/2023,10.6,10.6,10.6,10.6,19700
VTH,12/15/2023,9.6,10.7,9.6,10,5500
VTH,12/18/2023,10,10.6,9,10.6,18400
VTH,12/19/2023,10.3,10.3,10.3,10.3,100
VTH,12/20/2023,9.4,11.3,9.3,10.7,54000
VTH,12/21/2023,10.7,10.7,10.7,10.7,0
VTH,12/22/2023,9.7,9.8,9.7,9.7,4000
VTH,12/25/2023,8.8,9.6,8.8,9.6,5500
VTH,12/26/2023,8.7,8.9,8.7,8.9,3400
VTH,12/27/2023,8.1,8.9,8.1,8.9,41600
VTH,12/28/2023,8.1,8.9,8.1,8.9,600
VTH,12/29/2023,8.1,9.4,8.1,9.4,12500
VTH,1/2/2024,8.5,10,8.5,9.8,22800
VTH,1/3/2024,8.9,9.4,8.9,9.2,9100
VTH,1/4/2024,9.2,9.2,9.2,9.2,0
VTH,1/5/2024,8.6,9.1,8.3,8.3,32200
VTH,1/8/2024,8.2,8.5,8.2,8.5,500
VTH,1/9/2024,8.5,9.1,7.9,9.1,16000
VTH,1/10/2024,9.1,9.1,9.1,9.1,0
VTH,1/11/2024,8.6,9.7,8.6,9.7,6300
VTH,1/12/2024,9.2,9.3,8.8,8.8,1300
VTH,1/15/2024,8.8,8.8,8.8,8.8,0
VTH,1/16/2024,8.8,8.8,8.8,8.8,0
VTH,1/17/2024,9.6,9.6,9.6,9.6,100
VTH,1/18/2024,9.6,9.6,9.6,9.6,0
VTH,1/19/2024,8.7,8.9,8.7,8.7,3600
VTH,1/22/2024,9.2,9.2,7.9,7.9,5300
VTH,1/23/2024,7.9,7.9,7.2,7.6,4400
VTH,1/24/2024,8.3,8.3,7.4,7.8,2400
VTH,1/25/2024,7.5,7.6,7.5,7.6,2400
VTH,1/26/2024,7.9,8,7.9,8,2600
VTH,1/29/2024,7.5,7.5,7.5,7.5,100
VTH,1/30/2024,8,8,8,8,100
VTH,1/31/2024,8,8,8,8,0
