,index,Ticker,Date,Open,High,Low,Close,Volume
0,2522,CSC,02/02/2021,16.90713,16.90713,15.52696,16.76911,18600
1,2523,CSC,02/03/2021,16.76911,17.52821,16.56209,17.52821,17300
2,2524,CSC,02/04/2021,17.73524,17.73524,17.25217,17.39019,17500
3,2525,CSC,02/05/2021,17.39019,18.63235,17.25217,18.63235,36300
4,2526,CSC,02/08/2021,18.63235,18.97739,17.73524,18.49433,76400
5,2527,CSC,02/09/2021,18.49433,18.56334,17.80424,18.08028,58300
6,2528,CSC,02/17/2021,18.08028,18.08028,17.59722,17.66623,104100
7,2529,CSC,02/18/2021,17.59722,18.63235,17.52821,17.73524,125500
8,2530,CSC,02/19/2021,17.94226,19.46045,17.94226,19.46045,166200
9,2531,CSC,02/22/2021,20.01252,21.3927,19.73649,21.3927,337600
10,2532,CSC,02/23/2021,21.46171,22.15179,20.35757,20.6336,155900
11,2533,CSC,02/24/2021,20.6336,20.77162,20.01252,20.21955,109900
12,2534,CSC,02/25/2021,20.21955,22.2208,20.01252,22.2208,393700
13,2535,CSC,02/26/2021,22.77287,24.01503,22.08278,23.46296,215900
14,2536,CSC,03/01/2021,23.60098,24.15305,22.77287,22.84188,130200
15,2537,CSC,03/02/2021,22.77287,23.39395,21.94477,23.39395,326200
16,2538,CSC,03/03/2021,23.39395,24.15305,22.42783,22.84188,153600
17,2539,CSC,03/04/2021,23.11791,23.11791,20.70261,22.01377,231700
18,2540,CSC,03/05/2021,22.01377,23.39395,21.11666,23.11791,171900
19,2541,CSC,03/08/2021,22.70386,23.87701,22.08278,23.87701,180900
20,2542,CSC,03/09/2021,23.87701,23.87701,22.49684,23.25593,106100
21,2543,CSC,03/10/2021,22.91089,23.808,22.63485,23.04891,108200
22,2544,CSC,03/11/2021,23.04891,24.15305,22.70386,23.60098,200700
23,2545,CSC,03/12/2021,23.60098,23.808,22.91089,23.39395,87800
24,2546,CSC,03/15/2021,23.32494,23.87701,23.32494,23.808,156400
25,2547,CSC,03/16/2021,24.15305,25.18818,23.808,24.77412,329900
26,2548,CSC,03/17/2021,24.98115,24.98115,24.5671,24.91214,124000
27,2549,CSC,03/18/2021,24.98115,25.25718,24.49809,25.11917,132200
28,2550,CSC,03/19/2021,24.70511,25.87826,24.70511,25.53322,123000
29,2551,CSC,03/22/2021,25.53322,27.25844,25.53322,27.18943,262600
30,2552,CSC,03/23/2021,27.18943,27.18943,25.53322,25.53322,216200
31,2553,CSC,03/24/2021,25.46421,26.01628,24.29106,24.84313,141700
32,2554,CSC,03/25/2021,24.84313,24.84313,23.808,24.15305,168000
33,2555,CSC,03/26/2021,23.46296,25.25718,23.11791,24.63611,141800
34,2556,CSC,03/29/2021,24.77412,24.84313,24.29106,24.36007,63600
35,2557,CSC,03/30/2021,24.36007,24.36007,23.46296,23.53197,91500
36,2558,CSC,03/31/2021,23.46296,24.84313,23.46296,23.87701,162100
37,2559,CSC,04/01/2021,23.94602,24.49809,23.87701,24.01503,48100
38,2560,CSC,04/02/2021,24.42908,24.77412,24.08404,24.22205,94600
39,2561,CSC,04/05/2021,24.70511,24.70511,23.46296,24.08404,131700
40,2562,CSC,04/06/2021,24.49809,26.43033,24.49809,26.43033,338600
41,2563,CSC,04/07/2021,27.94852,28.29357,26.49934,26.77538,78800
42,2564,CSC,04/08/2021,26.77538,27.39645,26.22331,26.77538,106900
43,2565,CSC,04/09/2021,27.46546,28.63861,26.22331,27.53447,292200
44,2566,CSC,04/12/2021,27.53447,28.01753,26.9824,27.25844,85200
45,2567,CSC,04/13/2021,27.25844,27.53447,26.22331,26.36132,67400
46,2568,CSC,04/14/2021,26.36132,26.70637,25.87826,26.56835,51600
47,2569,CSC,04/15/2021,26.56835,27.25844,26.36132,26.63736,58200
48,2570,CSC,04/16/2021,26.77538,26.77538,24.84313,26.49934,70600
49,2571,CSC,04/19/2021,27.60348,27.60348,26.43033,26.91339,79100
50,2572,CSC,04/20/2021,26.63736,27.05141,26.22331,26.84439,80100
51,2573,CSC,04/22/2021,26.84439,26.84439,25.60223,25.67124,89300
52,2574,CSC,04/23/2021,25.67124,26.1543,24.91214,26.1543,68100
53,2575,CSC,04/26/2021,26.56835,26.63736,25.87826,25.87826,59100
54,2576,CSC,04/27/2021,26.22331,26.56835,25.87826,26.1543,53300
55,2577,CSC,04/28/2021,26.22331,26.36132,26.01628,26.29231,35400
56,2578,CSC,04/29/2021,26.91339,26.91339,23.808,26.22331,47600
57,2579,CSC,05/04/2021,26.22331,27.60348,25.11917,27.12042,162500
58,2580,CSC,05/05/2021,27.18943,27.60348,26.91339,27.18943,52300
59,2581,CSC,05/06/2021,27.18943,28.63861,27.18943,27.94852,192300
60,2582,CSC,05/07/2021,27.94852,28.50059,27.25844,28.29357,142500
61,2583,CSC,05/10/2021,28.29357,28.63861,27.94852,28.5696,78700
62,2584,CSC,05/11/2021,28.77663,29.3287,27.94852,28.91465,160300
63,2585,CSC,05/12/2021,29.12167,29.12167,28.29357,28.98365,102300
64,2586,CSC,05/13/2021,29.12167,29.19068,27.67249,28.63861,55800
65,2587,CSC,05/14/2021,28.63861,28.84564,27.87951,28.29357,72000
66,2588,CSC,05/17/2021,28.29357,31.05392,28.29357,30.50185,170200
67,2589,CSC,05/18/2021,30.50185,32.43409,30.50185,32.08905,120300
68,2590,CSC,05/19/2021,32.08905,33.05517,31.744,32.77913,124200
69,2591,CSC,05/20/2021,33.12418,33.12418,31.32995,31.32995,70400
70,2592,CSC,05/21/2021,31.32995,33.12418,30.36383,33.12418,59500
71,2593,CSC,05/24/2021,32.64111,32.64111,31.95103,32.36508,72400
72,2594,CSC,05/25/2021,32.36508,32.71012,31.60598,31.67499,84900
73,2595,CSC,05/26/2021,31.67499,32.08905,31.05392,31.67499,108100
74,2596,CSC,05/27/2021,31.744,32.08905,30.36383,30.98491,124800
75,2597,CSC,05/28/2021,30.43284,30.84689,30.1568,30.50185,175800
76,2598,CSC,05/31/2021,30.43284,31.744,30.43284,30.77788,56700
77,2599,CSC,06/01/2021,31.05392,31.39896,30.50185,31.32995,70200
78,2600,CSC,06/02/2021,31.32995,32.43409,31.32995,32.22706,79500
79,2601,CSC,06/03/2021,32.29607,32.43409,31.88202,32.29607,157600
80,2602,CSC,06/04/2021,32.29607,32.36508,31.19193,31.60598,136500
81,2603,CSC,06/07/2021,31.60598,31.60598,30.43284,31.39896,80600
82,2604,CSC,06/08/2021,31.39896,31.39896,30.77788,31.19193,61600
83,2605,CSC,06/09/2021,31.39896,31.95103,31.05392,31.39896,96300
84,2606,CSC,06/10/2021,31.60598,33.12418,31.05392,32.71012,333900
85,2607,CSC,06/11/2021,33.12418,33.88327,32.91715,33.53823,78000
86,2608,CSC,06/14/2021,33.81426,36.85065,33.81426,36.78164,115000
87,2609,CSC,06/15/2021,36.57461,36.78164,35.53948,36.16056,274000
88,2610,CSC,06/16/2021,36.16056,36.64362,34.84939,35.19444,50400
89,2611,CSC,06/17/2021,35.12543,38.64487,35.05642,37.95478,73500
90,2612,CSC,06/18/2021,37.95478,41.40522,37.95478,40.4391,131800
91,2613,CSC,06/21/2021,40.4391,41.75026,40.4391,41.33621,114600
92,2614,CSC,06/22/2021,41.33621,43.47548,40.02505,40.71513,110400
93,2615,CSC,06/23/2021,40.71513,41.06018,40.02505,40.71513,24800
94,2616,CSC,06/24/2021,40.37009,40.50811,39.68,40.30108,38600
95,2617,CSC,06/25/2021,40.30108,40.37009,39.33496,40.30108,38400
96,2618,CSC,06/28/2021,40.37009,42.09531,40.37009,40.92216,108700
97,2619,CSC,06/29/2021,42.82551,44.94848,42.31307,42.82551,30200
98,2620,CSC,06/30/2021,43.04513,43.9236,42.7523,43.19154,50000
99,2621,CSC,07/01/2021,43.11834,44.28963,42.45948,42.60589,60900
100,2622,CSC,07/02/2021,43.19154,43.19154,42.31307,42.45948,56200
101,2623,CSC,07/05/2021,42.7523,43.19154,41.80062,42.7523,38200
102,2624,CSC,07/06/2021,42.89872,43.11834,42.16666,42.16666,50500
103,2625,CSC,07/07/2021,42.16666,42.53268,40.33651,42.38627,234500
104,2626,CSC,07/08/2021,42.38627,42.60589,41.36139,42.38627,81600
105,2627,CSC,07/09/2021,42.53268,42.82551,41.87383,42.16666,41200
106,2628,CSC,07/12/2021,42.16666,42.16666,39.75086,40.33651,279200
107,2629,CSC,07/13/2021,40.2633,40.62933,40.2633,40.33651,24900
108,2630,CSC,07/14/2021,39.23841,40.48292,36.45659,40.2633,53800
109,2631,CSC,07/15/2021,40.2633,40.2633,36.74941,40.11689,86200
110,2632,CSC,07/16/2021,40.11689,41.36139,39.53124,40.99536,65600
111,2633,CSC,07/19/2021,40.2633,40.33651,39.67765,40.04368,22900
112,2634,CSC,07/20/2021,40.04368,40.2633,39.97047,40.2633,19500
113,2635,CSC,07/21/2021,40.2633,42.09345,40.2633,40.77574,84400
114,2636,CSC,07/22/2021,40.77574,43.19154,40.48292,42.60589,171300
115,2637,CSC,07/23/2021,42.45948,43.63078,42.45948,42.82551,56000
116,2638,CSC,07/26/2021,42.7523,45.75375,42.7523,45.68055,107100
117,2639,CSC,07/27/2021,45.53413,45.90016,45.02169,45.46093,63900
118,2640,CSC,07/28/2021,45.68055,49.9997,45.60734,48.90161,139500
119,2641,CSC,07/29/2021,49.78008,52.70832,49.78008,52.70832,129500
120,2642,CSC,07/30/2021,53.07435,53.07435,51.61023,52.70832,91100
121,2643,CSC,08/02/2021,52.19588,52.70832,51.2442,51.61023,101300
122,2644,CSC,08/03/2021,51.61023,52.04947,51.2442,51.97626,68900
123,2645,CSC,08/04/2021,51.97626,57.02747,51.2442,56.36862,208000
124,2646,CSC,08/05/2021,56.36862,57.83274,56.29541,57.10068,35300
125,2647,CSC,08/06/2021,57.10068,62.2251,57.10068,58.5648,206400
126,2648,CSC,08/09/2021,58.5648,61.49304,58.5648,59.66289,93400
127,2649,CSC,08/10/2021,60.32174,60.32174,58.19877,59.22366,94400
128,2650,CSC,08/11/2021,59.22366,59.22366,57.46671,58.49159,68500
129,2651,CSC,08/12/2021,57.83274,60.02892,56.36862,59.29686,80100
130,2652,CSC,08/13/2021,58.12556,60.02892,58.05236,59.51648,61800
131,2653,CSC,08/16/2021,59.44327,59.66289,57.83274,59.66289,43800
132,2654,CSC,08/17/2021,59.95572,59.95572,58.27198,58.5648,41100
133,2655,CSC,08/18/2021,58.19877,58.5648,57.90594,58.41839,32400
134,2656,CSC,08/19/2021,58.41839,58.41839,57.24709,57.46671,66900
135,2657,CSC,08/20/2021,57.53992,57.83274,54.9045,54.97771,156900
136,2658,CSC,08/23/2021,51.2442,55.63656,51.2442,51.97626,88800
137,2659,CSC,08/24/2021,51.90305,51.97626,46.85184,46.85184,299800
138,2660,CSC,08/25/2021,46.48581,49.78008,46.48581,48.60878,112600
139,2661,CSC,08/26/2021,48.60878,50.58535,48.60878,49.78008,103700
140,2662,CSC,08/27/2021,49.78008,49.78008,48.68199,49.78008,110900
141,2663,CSC,08/30/2021,49.78008,50.51214,48.16955,49.92649,122200
142,2664,CSC,08/31/2021,49.56046,52.70832,49.41405,52.63511,52700
143,2665,CSC,09/01/2021,51.97626,53.44038,51.2442,52.04947,58100
144,2666,CSC,09/06/2021,51.97626,51.97626,49.78008,49.78008,90500
145,2667,CSC,09/07/2021,49.41405,49.41405,46.85184,47.80352,129700
146,2668,CSC,09/08/2021,47.5839,48.8284,47.5839,47.94993,51500
147,2669,CSC,09/09/2021,47.94993,48.68199,47.21787,48.09634,53600
148,2670,CSC,09/10/2021,47.5839,48.16955,47.29108,48.16955,58700
149,2671,CSC,09/13/2021,48.97482,49.04802,47.43749,47.73031,50700
150,2672,CSC,09/14/2021,47.6571,47.6571,47.14466,47.43749,72600
151,2673,CSC,09/15/2021,47.5839,47.5839,47.14466,47.5839,43100
152,2674,CSC,09/16/2021,47.5839,47.5839,46.85184,47.14466,31200
153,2675,CSC,09/17/2021,47.21787,47.36428,46.55902,47.07146,47900
154,2676,CSC,09/20/2021,47.14466,47.29108,46.85184,46.99825,57000
155,2677,CSC,09/21/2021,46.85184,46.85184,45.38772,45.82696,67000
156,2678,CSC,09/22/2021,45.82696,49.78008,45.68055,48.97482,45400
157,2679,CSC,09/23/2021,49.63367,49.63367,47.94993,48.16955,44000
158,2680,CSC,09/24/2021,47.94993,47.94993,46.48581,46.85184,17300
159,2681,CSC,09/27/2021,46.85184,48.24276,45.38772,45.38772,76700
160,2682,CSC,09/28/2021,45.38772,45.38772,44.65566,45.38772,39500
161,2683,CSC,09/29/2021,45.38772,48.09634,44.65566,48.09634,76200
162,2684,CSC,09/30/2021,47.5839,52.85473,46.85184,52.85473,205900
163,2685,CSC,10/01/2021,54.53847,58.12556,54.53847,58.12556,314900
164,2686,CSC,10/04/2021,60.02892,61.85907,58.12556,58.5648,104300
165,2687,CSC,10/05/2021,58.5648,60.02892,55.63656,60.02892,235300
166,2688,CSC,10/06/2021,60.02892,60.17533,58.85762,59.8093,104600
167,2689,CSC,10/07/2021,65.73899,65.73899,58.5648,59.29686,95300
168,2690,CSC,10/08/2021,59.29686,59.29686,57.53992,58.93083,113200
169,2691,CSC,10/11/2021,58.93083,59.29686,57.90594,58.93083,78200
170,2692,CSC,10/12/2021,58.93083,64.42128,58.5648,63.61601,249000
171,2693,CSC,10/13/2021,63.61601,64.05525,62.2251,63.61601,80900
172,2694,CSC,10/14/2021,63.68922,63.68922,62.2251,63.54281,55700
173,2695,CSC,10/15/2021,62.44472,63.54281,62.07869,62.88395,89000
174,2696,CSC,10/18/2021,62.88395,66.61746,62.29831,65.15334,158700
175,2697,CSC,10/19/2021,65.15334,66.98349,63.76242,66.98349,96800
176,2698,CSC,10/20/2021,66.98349,66.98349,64.78731,66.98349,48700
177,2699,CSC,10/21/2021,66.98349,68.44761,66.98349,68.3012,101500
178,2700,CSC,10/22/2021,68.44761,73.206,68.44761,73.206,157400
179,2701,CSC,10/25/2021,73.206,79.06248,73.206,76.8663,83100
180,2702,CSC,10/26/2021,79.72134,80.5266,73.93806,77.23233,90700
181,2703,CSC,10/27/2021,77.59836,83.45484,76.79309,80.5266,159400
182,2704,CSC,10/28/2021,84.84576,84.91896,77.01271,77.23233,135800
183,2705,CSC,10/29/2021,77.37874,79.79454,76.57348,79.72134,119500
184,2706,CSC,11/01/2021,79.72134,84.1869,76.79309,84.1869,274300
185,2707,CSC,11/02/2021,87.11514,87.77399,85.06537,87.11514,215700
186,2708,CSC,11/03/2021,87.8472,95.1678,80.59981,90.04338,299000
187,2709,CSC,11/04/2021,90.04338,99.04771,86.74911,99.04771,331300
188,2710,CSC,11/05/2021,108.9305,108.9305,99.56016,107.3932,167600
189,2711,CSC,11/08/2021,106.8808,107.6128,102.4884,103.9525,160700
190,2712,CSC,11/09/2021,103.9525,107.6128,100.2922,104.2453,201800
191,2713,CSC,11/10/2021,104.6846,105.3434,102.5616,105.0506,102000
192,2714,CSC,11/11/2021,105.3434,106.8808,104.3186,106.1487,133800
193,2715,CSC,11/12/2021,105.4166,106.8808,103.2205,105.3434,118700
194,2716,CSC,11/15/2021,103.9525,103.9525,101.5367,103.9525,141900
195,2717,CSC,11/16/2021,103.5865,103.6597,98.75489,101.0243,134000
196,2718,CSC,11/17/2021,101.0243,102.342,98.97451,99.04771,131400
197,2719,CSC,11/18/2021,99.92619,99.92619,91.5075,95.46062,234600
198,2720,CSC,11/19/2021,95.46062,97.36398,93.70368,93.70368,159100
199,2721,CSC,11/22/2021,95.1678,98.8281,90.04338,90.77544,186100
200,2722,CSC,11/23/2021,90.40941,92.97162,84.1869,92.97162,111000
201,2723,CSC,11/24/2021,94.43574,98.8281,94.43574,98.46207,126600
202,2724,CSC,11/25/2021,98.46207,100.585,95.89986,100.1458,102200
203,2725,CSC,11/26/2021,100.9511,103.9525,96.63192,96.63192,85000
204,2726,CSC,11/29/2021,91.5075,97.36398,90.04338,96.92474,101300
205,2727,CSC,11/30/2021,96.92474,96.92474,94.43574,95.1678,33800
206,2728,CSC,12/01/2021,95.1678,95.1678,92.31277,92.752,53000
207,2729,CSC,12/02/2021,93.70368,96.26589,93.70368,95.1678,80100
208,2730,CSC,12/03/2021,96.63192,96.63192,93.11803,93.70368,56900
209,2731,CSC,12/06/2021,93.70368,94.43574,90.04338,91.36109,113600
210,2732,CSC,12/07/2021,90.77544,92.38597,90.40941,91.4343,54300
211,2733,CSC,12/08/2021,91.5075,92.23956,90.99506,91.4343,25700
212,2734,CSC,12/09/2021,91.36109,95.53383,91.36109,92.38597,40000
213,2735,CSC,12/10/2021,94.94818,95.1678,92.45918,95.1678,79900
214,2736,CSC,12/13/2021,95.1678,103.9525,95.1678,102.4884,132200
215,2737,CSC,12/14/2021,102.4884,102.5616,98.38886,98.38886,99500
216,2738,CSC,12/15/2021,98.38886,98.38886,94.87498,95.38742,41200
217,2739,CSC,12/16/2021,95.38742,98.8281,95.1678,96.63192,108300
218,2740,CSC,12/17/2021,96.63192,97.36398,92.97162,95.1678,70300
219,2741,CSC,12/20/2021,95.89986,95.89986,94.43574,95.0946,46900
220,2742,CSC,12/21/2021,94.50895,95.1678,93.70368,94.50895,35900
221,2743,CSC,12/22/2021,93.9233,94.43574,91.5075,91.5075,87200
222,2744,CSC,12/23/2021,91.5075,95.53383,91.5075,92.23956,80200
223,2745,CSC,12/24/2021,92.23956,93.70368,92.23956,93.70368,17100
224,2746,CSC,12/27/2021,94.43574,95.1678,93.9233,94.43574,44200
225,2747,CSC,12/28/2021,94.43574,95.02139,94.06971,94.28933,23100
226,2748,CSC,12/29/2021,92.97162,94.43574,84.91896,92.23956,32700
227,2749,CSC,12/30/2021,92.23956,93.63047,90.77544,92.38597,21600
228,2750,CSC,12/31/2021,92.45918,92.97162,91.14147,92.16635,21100
229,2751,CSC,01/04/2022,92.23956,92.97162,90.04338,92.23956,73500
230,2752,CSC,01/05/2022,92.89841,92.97162,90.11658,91.87353,40000
231,2753,CSC,01/06/2022,90.84865,93.63047,90.77544,92.60559,59100
232,2754,CSC,01/07/2022,92.23956,92.89841,90.84865,92.89841,51200
233,2755,CSC,01/10/2022,92.23956,101.0243,92.23956,97.29077,159800
234,2756,CSC,01/11/2022,97.21757,97.21757,94.06971,95.89986,27600
235,2757,CSC,01/12/2022,95.82665,95.89986,92.31277,93.55727,33700
236,2758,CSC,01/13/2022,87.8472,94.43574,87.8472,91.5075,43700
237,2759,CSC,01/14/2022,88.65247,92.97162,88.57926,92.23956,29400
238,2760,CSC,01/17/2022,92.23956,92.97162,83.45484,83.45484,61900
239,2761,CSC,01/18/2022,83.45484,87.04193,75.10936,75.10936,80500
240,2762,CSC,01/19/2022,75.10936,78.33042,68.08158,77.59836,95600
241,2763,CSC,01/20/2022,78.33042,85.35819,78.33042,83.45484,33000
242,2764,CSC,01/21/2022,83.45484,87.8472,80.67301,87.8472,34700
243,2765,CSC,01/24/2022,84.26011,88.21323,79.06248,80.89263,77200
244,2766,CSC,01/25/2022,81.99072,84.1869,80.16057,81.25866,30700
245,2767,CSC,01/26/2022,81.99072,81.99072,73.1328,73.57203,82900
246,2768,CSC,01/27/2022,73.93806,76.13424,71.00982,73.206,51300
247,2769,CSC,01/28/2022,73.27921,79.79454,69.6189,79.79454,42900
248,2770,CSC,02/07/2022,79.94095,80.5266,74.01127,76.8663,40800
249,2771,CSC,02/08/2022,76.79309,76.8663,72.83997,72.83997,52400
250,2772,CSC,02/09/2022,72.83997,76.42706,68.81364,75.98783,62000
251,2773,CSC,02/10/2022,75.98783,76.50027,74.08447,75.98783,17600
252,2774,CSC,02/11/2022,75.40218,75.98783,73.93806,75.91462,29700
253,2775,CSC,02/14/2022,75.91462,75.91462,72.47394,74.59692,91800
254,2776,CSC,02/15/2022,74.59692,74.59692,71.74188,73.1328,41900
255,2777,CSC,02/16/2022,73.206,73.93806,72.47394,73.206,30200
256,2778,CSC,02/17/2022,74.59692,74.59692,72.83997,73.71844,24200
257,2779,CSC,02/18/2022,73.206,73.93806,72.54715,73.93806,34900
258,2780,CSC,02/21/2022,73.93806,79.06248,73.93806,77.52515,55400
259,2781,CSC,02/22/2022,76.8663,76.8663,75.03615,76.64668,44500
260,2782,CSC,02/23/2022,76.57348,79.79454,75.84142,77.59836,29200
261,2783,CSC,02/24/2022,76.13424,77.59836,72.69356,74.67012,64100
262,2784,CSC,02/25/2022,75.03615,75.40218,73.93806,74.23088,26300
263,2785,CSC,02/28/2022,73.35241,74.59692,73.206,73.27921,28300
264,2786,CSC,03/01/2022,73.93806,76.8663,72.62035,75.76821,41100
265,2787,CSC,03/02/2022,74.01127,75.03615,73.35241,74.3773,9900
266,2788,CSC,03/03/2022,74.3773,76.06104,73.49883,73.93806,47400
267,2789,CSC,03/04/2022,73.93806,74.67012,73.57203,73.93806,30600
268,2790,CSC,03/07/2022,73.93806,76.13424,73.27921,73.57203,52300
269,2791,CSC,03/08/2022,73.57203,74.30409,73.05959,73.05959,57200
270,2792,CSC,03/09/2022,73.1328,74.30409,72.40073,73.57203,68700
271,2793,CSC,03/10/2022,74.30409,80.89263,74.30409,80.89263,145500
272,2794,CSC,03/11/2022,88.21323,88.94529,84.1869,84.1869,120400
273,2795,CSC,03/14/2022,87.70079,87.70079,81.25866,84.1869,53300
274,2796,CSC,03/15/2022,81.33186,84.11369,81.33186,81.99072,47000
275,2797,CSC,03/16/2022,81.62469,83.08881,81.33186,81.62469,43500
276,2798,CSC,03/17/2022,81.62469,83.74767,81.62469,82.9424,35000
277,2799,CSC,03/18/2022,82.9424,83.38164,81.99072,83.08881,40100
278,2800,CSC,03/21/2022,83.0156,85.65102,83.0156,83.82087,45400
279,2801,CSC,03/22/2022,83.82087,84.84576,82.79598,82.79598,43000
280,2802,CSC,03/23/2022,83.08881,83.08881,81.25866,81.25866,67100
281,2803,CSC,03/24/2022,81.25866,83.45484,80.89263,82.57637,32200
282,2804,CSC,03/25/2022,82.57637,82.57637,81.25866,82.06393,43400
283,2805,CSC,03/28/2022,82.79598,89.31132,82.72278,85.50461,158500
284,2806,CSC,03/29/2022,86.38308,88.57926,84.55293,88.43285,110100
285,2807,CSC,03/30/2022,88.21323,88.57926,84.11369,84.55293,54400
286,2808,CSC,03/31/2022,84.55293,85.65102,82.72278,83.74767,27800
287,2809,CSC,04/01/2022,82.72278,82.72278,81.6979,82.28355,93700
288,2810,CSC,04/04/2022,82.28355,83.08881,81.62469,82.21033,68000
289,2811,CSC,04/05/2022,82.21033,82.21033,81.11225,81.33186,82100
290,2812,CSC,04/06/2022,81.33186,81.62469,78.33042,79.06248,100900
291,2813,CSC,04/07/2022,79.06248,79.79454,75.40218,75.40218,78700
292,2814,CSC,04/08/2022,74.01127,75.76821,74.01127,75.40218,30500
293,2815,CSC,04/12/2022,76.8663,76.8663,72.47394,73.1328,43600
294,2816,CSC,04/13/2022,72.47394,76.8663,72.47394,76.8663,38800
295,2817,CSC,04/14/2022,76.8663,76.8663,73.93806,73.93806,25300
296,2818,CSC,04/15/2022,73.93806,73.93806,66.61746,71.00982,65900
297,2819,CSC,04/18/2022,71.00982,71.00982,63.98204,65.00693,85600
298,2820,CSC,04/19/2022,65.8854,68.08158,62.2251,62.2251,45300
299,2821,CSC,04/20/2022,62.2251,63.68922,60.17533,60.39495,66600
300,2822,CSC,04/21/2022,60.39495,60.46815,54.39206,54.39206,118000
301,2823,CSC,04/22/2022,54.9045,59.29686,51.2442,54.8313,97600
302,2824,CSC,04/25/2022,56.36862,56.36862,49.41405,49.41405,99200
303,2825,CSC,04/26/2022,49.41405,54.17244,45.75375,54.17244,67400
304,2826,CSC,04/27/2022,54.24565,59.58968,51.97626,59.58968,123800
305,2827,CSC,04/28/2022,61.12701,63.98204,61.12701,62.59113,65100
306,2828,CSC,04/29/2022,62.95716,63.32319,61.49304,61.49304,43100
307,2829,CSC,05/04/2022,65.8854,67.56914,62.2251,62.81075,35400
308,2830,CSC,05/05/2022,62.95716,65.08013,59.66289,61.20021,51700
309,2831,CSC,05/06/2022,60.90739,61.12701,58.5648,58.5648,26400
310,2832,CSC,05/09/2022,58.5648,58.5648,52.70832,52.70832,71000
311,2833,CSC,05/10/2022,51.2442,54.9045,49.04802,54.9045,54700
312,2834,CSC,05/11/2022,55.63656,56.44183,54.9045,56.36862,24600
313,2835,CSC,05/12/2022,55.63656,55.70977,51.2442,51.2442,44400
314,2836,CSC,05/13/2022,51.2442,51.2442,46.11978,46.85184,117000
315,2837,CSC,05/16/2022,46.85184,51.2442,46.11978,48.24276,71300
316,2838,CSC,05/17/2022,47.5839,52.85473,47.5839,52.56191,31400
317,2839,CSC,05/18/2022,53.44038,54.75809,51.39061,51.39061,52400
318,2840,CSC,05/19/2022,49.04802,51.97626,49.04802,51.31741,32800
319,2841,CSC,05/20/2022,51.97626,52.34229,51.46382,52.19588,16000
320,2842,CSC,05/23/2022,52.12267,52.34229,49.92649,49.92649,26600
321,2843,CSC,05/24/2022,50.14611,51.2442,49.04802,50.51214,12800
322,2844,CSC,05/25/2022,50.36573,52.70832,50.14611,51.61023,28700
323,2845,CSC,05/26/2022,51.68344,53.00114,51.61023,51.75664,25700
324,2846,CSC,05/27/2022,51.82985,52.34229,51.82985,51.90305,18200
325,2847,CSC,05/30/2022,51.97626,53.00114,51.97626,53.00114,22200
326,2848,CSC,05/31/2022,53.00114,57.83274,52.34229,56.44183,69000
327,2849,CSC,06/01/2022,56.44183,56.44183,54.53847,55.56335,37600
328,2850,CSC,06/02/2022,55.56335,56.36862,54.31885,54.75809,20500
329,2851,CSC,06/03/2022,54.8313,55.05091,52.92794,53.7332,66100
330,2852,CSC,06/06/2022,53.80641,54.17244,51.90305,51.90305,27900
331,2853,CSC,06/07/2022,51.97626,51.97626,48.31596,50.14611,42400
332,2854,CSC,06/08/2022,50.21931,52.70832,50.14611,51.90305,20700
333,2855,CSC,06/09/2022,51.61023,53.44038,51.61023,52.26908,41600
334,2856,CSC,06/10/2022,52.26908,53.44038,52.12267,52.26908,38400
335,2857,CSC,06/13/2022,51.31741,51.97626,47.5839,48.31596,83000
336,2858,CSC,06/14/2022,48.31596,50.0729,45.38772,49.41405,49000
337,2859,CSC,06/15/2022,49.41405,50.51214,45.97337,47.21787,40500
338,2860,CSC,06/16/2022,48.16955,48.31596,45.38772,48.31596,83600
339,2861,CSC,06/17/2022,48.31596,48.31596,43.9236,47.94993,49900
340,2862,CSC,06/20/2022,47.94993,47.94993,44.21642,44.65566,51500
341,2863,CSC,06/21/2022,44.65566,47.29108,40.19009,40.19009,74500
342,2864,CSC,06/22/2022,40.40971,44.14322,40.33651,41.72742,58500
343,2865,CSC,06/23/2022,42.09345,44.58245,42.09345,43.41116,81100
344,2866,CSC,06/24/2022,43.33795,46.70543,42.53268,43.99681,56700
345,2867,CSC,06/27/2022,47.51981,47.51981,44.24258,46.53664,14000
346,2868,CSC,06/28/2022,48.09332,48.09332,45.88119,46.94629,25000
347,2869,CSC,06/29/2022,46.7005,46.7005,45.88119,46.29084,13800
348,2870,CSC,06/30/2022,45.88119,46.7005,43.83292,45.30768,29000
349,2871,CSC,07/01/2022,44.07872,45.30768,40.80149,44.65223,81800
350,2872,CSC,07/04/2022,44.65223,45.79926,43.42327,43.5052,15500
351,2873,CSC,07/05/2022,42.60397,43.83292,40.96535,41.375,31000
352,2874,CSC,07/06/2022,39.40867,41.78466,39.32674,40.80149,44600
353,2875,CSC,07/07/2022,40.80149,40.80149,38.91708,39.32674,41400
354,2876,CSC,07/08/2022,39.32674,40.63763,39.32674,40.14604,35500
355,2877,CSC,07/11/2022,41.78466,41.78466,39.32674,39.90025,30800
356,2878,CSC,07/12/2022,40.22797,40.96535,39.65446,40.96535,25400
357,2879,CSC,07/13/2022,40.96535,42.60397,40.96535,40.96535,62600
358,2880,CSC,07/14/2022,39.98218,41.53886,39.98218,41.53886,10900
359,2881,CSC,07/15/2022,41.78466,42.19431,41.45694,41.45694,24700
360,2882,CSC,07/18/2022,41.78466,42.19431,41.21114,41.375,24800
361,2883,CSC,07/19/2022,40.63763,41.70272,40.14604,40.96535,11800
362,2884,CSC,07/20/2022,41.70272,43.42327,40.96535,43.01362,46000
363,2885,CSC,07/21/2022,43.01362,44.65223,43.01362,43.91486,22300
364,2886,CSC,07/22/2022,43.58713,45.47154,43.58713,44.40644,40000
365,2887,CSC,07/25/2022,44.48837,44.48837,42.84975,43.66906,23200
366,2888,CSC,07/26/2022,43.42327,43.66906,42.60397,43.25941,20900
367,2889,CSC,07/27/2022,43.17748,43.99678,43.09555,43.99678,13600
368,2890,CSC,07/28/2022,44.16065,46.29084,44.16065,46.29084,102500
369,2891,CSC,07/29/2022,47.7656,48.91263,47.51981,47.92946,57300
370,2892,CSC,08/01/2022,49.8958,49.8958,49.07649,49.56807,27600
371,2893,CSC,08/02/2022,50.87896,54.48392,50.38738,54.48392,86300
372,2894,CSC,08/03/2022,55.71288,58.58045,55.30322,57.35149,143200
373,2895,CSC,08/04/2022,58.08887,59.72748,56.20446,57.18763,82300
374,2896,CSC,08/05/2022,57.51535,57.51535,56.53218,57.35149,67800
375,2897,CSC,08/08/2022,57.35149,61.28416,56.53218,58.9901,69900
376,2898,CSC,08/09/2022,59.80941,59.97327,58.1708,58.49852,59800
377,2899,CSC,08/10/2022,58.1708,59.39976,58.1708,58.49852,44500
378,2900,CSC,08/11/2022,59.80941,60.21906,56.53218,56.61411,120700
379,2901,CSC,08/12/2022,56.53218,57.35149,56.53218,56.69604,35900
380,2902,CSC,08/15/2022,58.90817,60.62872,58.00694,59.80941,141400
381,2903,CSC,08/16/2022,59.89134,60.0552,58.90817,58.9901,58200
382,2904,CSC,08/17/2022,58.9901,59.80941,56.94184,57.02377,262100
383,2905,CSC,08/18/2022,57.02377,58.00694,56.61411,57.26956,21600
384,2906,CSC,08/19/2022,57.35149,58.08887,56.94184,57.43342,65500
385,2907,CSC,08/22/2022,57.67921,57.67921,55.79481,55.87674,53700
386,2908,CSC,08/23/2022,56.53218,56.53218,55.71288,56.45025,32600
387,2909,CSC,08/24/2022,56.53218,58.58045,56.53218,57.26956,48300
388,2910,CSC,08/25/2022,57.35149,58.9901,56.20446,58.58045,124300
389,2911,CSC,08/26/2022,58.58045,58.90817,57.43342,57.43342,51900
390,2912,CSC,08/29/2022,56.20446,57.76114,55.30322,57.76114,133400
391,2913,CSC,08/30/2022,58.08887,59.48169,57.76114,58.1708,88800
392,2914,CSC,08/31/2022,58.90817,63.98788,58.1708,63.98788,423300
393,2915,CSC,09/05/2022,64.72525,66.36387,64.06981,65.46263,122000
394,2916,CSC,09/06/2022,65.46263,66.28194,63.2505,63.66015,89200
395,2917,CSC,09/07/2022,63.82402,69.23145,60.62872,68.00248,353100
396,2918,CSC,09/08/2022,68.00248,68.08441,65.79035,65.79035,106500
397,2919,CSC,09/09/2022,67.01931,67.01931,61.44802,65.79035,262900
398,2920,CSC,09/12/2022,65.79035,65.79035,63.66015,63.74208,167000
399,2921,CSC,09/13/2022,63.74208,65.54456,61.85768,65.54456,169000
400,2922,CSC,09/14/2022,64.56139,66.4458,63.74208,65.54456,109500
401,2923,CSC,09/15/2022,64.64333,66.36387,64.15174,64.3156,97000
402,2924,CSC,09/16/2022,64.39753,64.47946,62.26733,62.26733,110800
403,2925,CSC,09/19/2022,61.44802,61.85768,56.0406,56.0406,280500
404,2926,CSC,09/20/2022,56.53218,58.9901,52.43565,55.71288,199900
405,2927,CSC,09/21/2022,57.35149,57.35149,54.89357,56.69604,54400
406,2928,CSC,09/22/2022,54.89357,57.35149,54.89357,55.95867,60700
407,2929,CSC,09/23/2022,55.71288,57.02377,55.71288,56.53218,49500
408,2930,CSC,09/26/2022,55.87674,55.87674,51.20669,52.02599,118400
409,2931,CSC,09/27/2022,52.27179,52.76337,49.8958,49.8958,132200
410,2932,CSC,09/28/2022,49.8958,50.38738,47.51981,49.15842,159200
411,2933,CSC,09/29/2022,49.81387,51.45248,48.5849,49.8958,60800
412,2934,CSC,09/30/2022,49.81387,50.79704,48.42104,50.79704,82800
413,2935,CSC,10/03/2022,49.24035,50.79704,47.51981,48.33911,43900
414,2936,CSC,10/04/2022,49.56807,49.56807,47.11015,47.35595,48400
415,2937,CSC,10/05/2022,48.33911,49.56807,47.35595,49.48614,84400
416,2938,CSC,10/06/2022,49.15842,49.15842,45.88119,45.88119,59900
417,2939,CSC,10/07/2022,46.53664,46.53664,41.78466,42.60397,96700
418,2940,CSC,10/10/2022,41.78466,44.16065,41.78466,43.83292,43900
419,2941,CSC,10/11/2022,44.24258,44.24258,39.4906,39.4906,87400
420,2942,CSC,10/12/2022,40.14604,41.375,38.99901,40.96535,36600
421,2943,CSC,10/13/2022,41.04728,41.375,40.14604,40.5557,59900
422,2944,CSC,10/14/2022,41.78466,42.11238,40.22797,41.29307,47200
423,2945,CSC,10/17/2022,41.29307,41.29307,39.73639,40.14604,32900
424,2946,CSC,10/18/2022,40.96535,43.42327,40.96535,41.45694,52100
425,2947,CSC,10/19/2022,41.78466,41.78466,40.5557,40.96535,35500
426,2948,CSC,10/20/2022,40.96535,41.70272,39.81832,40.63763,44300
427,2949,CSC,10/21/2022,40.96535,40.96535,36.62302,36.62302,117000
428,2950,CSC,10/24/2022,36.70495,36.70495,33.01807,33.01807,92900
429,2951,CSC,10/25/2022,31.54332,33.59159,29.74084,29.74084,121300
430,2952,CSC,10/26/2022,30.31436,31.05173,27.28292,28.67575,69200
431,2953,CSC,10/27/2022,30.72401,31.54332,28.75768,31.54332,71100
432,2954,CSC,10/28/2022,33.18193,34.65668,33.18193,34.65668,117600
433,2955,CSC,10/31/2022,35.2302,37.52426,33.18193,35.31213,257600
434,2956,CSC,11/01/2022,37.27847,38.50743,36.04951,36.62302,129300
435,2957,CSC,11/02/2022,36.86882,36.86882,34.90248,35.80371,89100
436,2958,CSC,11/03/2022,34.49282,36.45916,34.41089,35.14827,53600
437,2959,CSC,11/04/2022,34.41089,34.41089,31.70718,31.78911,154700
438,2960,CSC,11/07/2022,32.19876,32.19876,28.67575,28.67575,113200
439,2961,CSC,11/08/2022,28.67575,31.13367,26.29976,30.64208,71600
440,2962,CSC,11/09/2022,32.19876,32.44456,30.64208,30.64208,31400
441,2963,CSC,11/10/2022,29.57698,30.64208,27.61065,27.61065,113300
442,2964,CSC,11/11/2022,28.67575,28.83961,24.90693,24.90693,112500
443,2965,CSC,11/14/2022,23.10446,24.49728,22.44901,22.44901,109000
444,2966,CSC,11/15/2022,20.31881,21.30198,20.23688,20.23688,82300
445,2967,CSC,11/16/2022,18.27055,22.20322,18.27055,22.20322,304000
446,2968,CSC,11/17/2022,22.9406,24.41535,22.9406,24.41535,43700
447,2969,CSC,11/18/2022,24.66114,26.79134,24.0057,26.79134,352100
448,2970,CSC,11/21/2022,27.85644,29.41312,27.85644,29.41312,101400
449,2971,CSC,11/22/2022,29.90471,32.2807,29.49505,32.11683,322800
450,2972,CSC,11/23/2022,32.69035,33.75545,29.57698,31.13367,201700
451,2973,CSC,11/24/2022,30.72401,34.24703,29.49505,34.24703,197800
452,2974,CSC,11/25/2022,37.27847,37.60619,36.13144,37.60619,202900
453,2975,CSC,11/28/2022,39.73639,41.29307,39.73639,41.29307,74900
454,2976,CSC,11/29/2022,45.06189,45.30768,37.68812,40.96535,371200
455,2977,CSC,11/30/2022,36.86882,41.86659,36.86882,39.32674,165600
456,2978,CSC,12/01/2022,40.80149,43.09555,39.16288,40.14604,310700
457,2979,CSC,12/02/2022,39.32674,42.11238,37.68812,40.88342,169700
458,2980,CSC,12/05/2022,40.96535,42.4401,37.68812,37.68812,261800
459,2981,CSC,12/06/2022,38.09777,39.2448,33.91931,33.91931,473400
460,2982,CSC,12/07/2022,33.91931,33.91931,31.13367,31.13367,177700
461,2983,CSC,12/08/2022,29.49505,34.24703,29.49505,34.24703,113800
462,2984,CSC,12/09/2022,35.2302,37.60619,34.41089,35.96758,212400
463,2985,CSC,12/12/2022,35.96758,37.68812,32.44456,33.18193,103300
464,2986,CSC,12/13/2022,33.18193,33.59159,31.29753,33.59159,121400
465,2987,CSC,12/14/2022,36.04951,36.86882,34.98441,34.98441,137000
466,2988,CSC,12/15/2022,34.98441,36.04951,34.41089,35.39406,85000
467,2989,CSC,12/16/2022,35.2302,36.04951,34.41089,34.41089,74700
468,2990,CSC,12/19/2022,35.06634,35.2302,31.54332,32.0349,156700
469,2991,CSC,12/20/2022,31.95297,33.50965,29.82277,30.9698,155900
470,2992,CSC,12/21/2022,27.93837,31.95297,27.93837,30.31436,83400
471,2993,CSC,12/22/2022,30.31436,31.37946,30.23243,31.13367,83100
472,2994,CSC,12/23/2022,31.95297,32.0349,30.80594,32.0349,48800
473,2995,CSC,12/26/2022,33.18193,33.18193,29.49505,29.49505,121700
474,2996,CSC,12/27/2022,29.49505,31.54332,28.92154,31.37946,82100
475,2997,CSC,12/28/2022,31.95297,32.19876,30.80594,30.88787,52000
476,2998,CSC,12/29/2022,31.37946,31.37946,30.1505,30.31436,45500
477,2999,CSC,12/30/2022,30.9698,30.9698,29.57698,29.90471,47000
478,3000,CSC,01/03/2023,29.90471,32.52649,29.49505,31.87104,108200
479,3001,CSC,01/04/2023,33.59159,33.59159,31.54332,32.19876,57600
480,3002,CSC,01/05/2023,31.54332,32.19876,31.29753,31.70718,35800
481,3003,CSC,01/06/2023,33.59159,33.59159,30.31436,30.39629,67000
482,3004,CSC,01/09/2023,31.54332,31.54332,29.98664,30.06857,55200
483,3005,CSC,01/10/2023,27.28292,30.80594,27.28292,30.80594,29300
484,3006,CSC,01/11/2023,31.13367,31.70718,30.64208,31.54332,59900
485,3007,CSC,01/12/2023,31.78911,31.95297,30.88787,31.05173,41100
486,3008,CSC,01/13/2023,31.54332,31.87104,30.72401,30.72401,30300
487,3009,CSC,01/16/2023,30.72401,30.72401,29.98664,29.98664,59200
488,3010,CSC,01/17/2023,30.31436,31.13367,29.90471,30.72401,56700
489,3011,CSC,01/18/2023,30.9698,32.60842,30.9698,32.2807,123500
490,3012,CSC,01/19/2023,32.36263,33.26386,31.95297,32.52649,102500
491,3013,CSC,01/27/2023,32.77228,33.67352,32.0349,32.0349,55300
492,3014,CSC,01/30/2023,32.11683,35.2302,31.87104,34.32896,218300
493,3015,CSC,01/31/2023,34.32896,34.41089,32.0349,34.08317,144200
494,3016,CSC,02/01/2023,34.1651,34.82055,31.37946,31.37946,161200
495,3017,CSC,02/02/2023,31.37946,32.19876,30.31436,30.88787,137400
496,3018,CSC,02/03/2023,30.9698,31.70718,29.90471,30.56015,82800
497,3019,CSC,02/06/2023,30.47822,31.13367,30.1505,30.72401,58100
498,3020,CSC,02/07/2023,30.9698,31.13367,29.57698,29.57698,116700
499,3021,CSC,02/08/2023,29.57698,30.23243,28.51188,29.49505,99300
500,3022,CSC,02/09/2023,29.49505,29.74084,29.33119,29.33119,30400
501,3023,CSC,02/10/2023,29.33119,29.57698,28.51188,29.24926,84000
502,3024,CSC,02/13/2023,28.51188,29.16733,26.38169,26.38169,197300
503,3025,CSC,02/14/2023,26.38169,27.44678,26.21782,27.03713,63800
504,3026,CSC,02/15/2023,29.0854,29.0854,27.03713,27.93837,42400
505,3027,CSC,02/16/2023,28.67575,28.67575,27.44678,28.10223,34100
506,3028,CSC,02/17/2023,27.03713,29.33119,27.03713,28.10223,41000
507,3029,CSC,02/20/2023,28.10223,29.98664,28.10223,29.90471,124700
508,3030,CSC,02/21/2023,30.23243,30.72401,29.0854,29.0854,99300
509,3031,CSC,02/22/2023,28.0203,29.00347,27.44678,27.44678,81000
510,3032,CSC,02/23/2023,27.20099,27.85644,26.29976,27.85644,91600
511,3033,CSC,02/24/2023,28.0203,28.0203,27.03713,27.20099,20100
512,3034,CSC,02/27/2023,26.70941,26.9552,25.80817,25.80817,60600
513,3035,CSC,02/28/2023,26.79134,26.79134,25.39852,25.48045,57900
514,3036,CSC,03/01/2023,25.23466,25.80817,24.33342,25.56238,125000
515,3037,CSC,03/02/2023,25.56238,26.13589,25.56238,25.97203,19700
516,3038,CSC,03/03/2023,26.38169,26.38169,25.0708,25.0708,27900
517,3039,CSC,03/06/2023,25.56238,26.87327,25.56238,25.56238,62800
518,3040,CSC,03/07/2023,24.66114,26.13589,23.59604,25.56238,27900
519,3041,CSC,03/08/2023,25.39852,25.97203,25.0708,25.80817,52800
520,3042,CSC,03/09/2023,23.26832,27.36485,23.26832,26.46362,65100
521,3043,CSC,03/10/2023,26.46362,26.62748,25.8901,25.8901,32100
522,3044,CSC,03/13/2023,25.48045,26.13589,25.39852,25.56238,26200
523,3045,CSC,03/14/2023,25.56238,25.80817,24.825,25.23466,31600
524,3046,CSC,03/15/2023,25.39852,27.03713,25.39852,26.38169,62600
525,3047,CSC,03/16/2023,26.46362,26.46362,25.48045,25.72624,34200
526,3048,CSC,03/17/2023,25.97203,26.21782,25.56238,25.56238,44600
527,3049,CSC,03/20/2023,25.56238,25.97203,23.02253,24.57921,70500
528,3050,CSC,03/21/2023,24.98886,25.31659,24.49728,24.825,44300
529,3051,CSC,03/22/2023,25.23466,25.48045,24.825,24.825,38800
530,3052,CSC,03/23/2023,24.825,25.0708,24.66114,25.0708,14400
531,3053,CSC,03/24/2023,25.39852,25.64431,24.98886,25.39852,47800
532,3054,CSC,03/27/2023,25.48045,25.80817,25.39852,25.80817,33900
533,3055,CSC,03/28/2023,23.7599,26.54555,23.7599,26.21782,68500
534,3056,CSC,03/29/2023,25.80817,26.05396,25.72624,26.05396,33900
535,3057,CSC,03/30/2023,26.05396,26.87327,26.05396,26.13589,84100
536,3058,CSC,03/31/2023,26.62748,26.87327,25.97203,26.62748,77100
537,3059,CSC,04/03/2023,26.62748,29.24926,26.62748,29.24926,203700
538,3060,CSC,04/04/2023,30.31436,31.13367,29.90471,30.47822,138400
539,3061,CSC,04/05/2023,30.47822,30.88787,29.74084,30.23243,116800
540,3062,CSC,04/06/2023,29.82277,31.78911,29.57698,30.39629,139400
541,3063,CSC,04/07/2023,31.13367,31.13367,29.74084,30.56015,68400
542,3064,CSC,04/10/2023,30.06857,31.78911,27.52872,30.80594,228800
543,3065,CSC,04/11/2023,30.80594,31.78911,29.90471,31.78911,127800
544,3066,CSC,04/12/2023,31.95297,32.2807,30.9698,31.13367,93200
545,3067,CSC,04/13/2023,31.37946,31.37946,30.23243,30.39629,71200
546,3068,CSC,04/14/2023,30.56015,30.56015,28.67575,28.67575,96700
547,3069,CSC,04/17/2023,28.67575,29.33119,27.85644,29.24926,64300
548,3070,CSC,04/18/2023,29.24926,30.1505,28.92154,30.1505,20200
549,3071,CSC,04/19/2023,30.1505,30.1505,29.16733,29.16733,55000
550,3072,CSC,04/20/2023,29.16733,29.49505,29.00347,29.49505,29400
551,3073,CSC,04/21/2023,29.41312,30.23243,29.24926,29.82277,71900
552,3074,CSC,04/24/2023,29.82277,29.82277,29.41312,29.49505,69000
553,3075,CSC,04/25/2023,29.82277,29.90471,28.92154,29.33119,44500
554,3076,CSC,04/26/2023,29.33119,29.74084,28.92154,29.65891,33900
555,3077,CSC,04/27/2023,29.90471,30.47822,29.74084,30.06857,69700
556,3078,CSC,04/28/2023,30.56015,30.88787,30.31436,30.47822,112500
557,3079,CSC,05/04/2023,30.39629,30.80594,30.23243,30.39629,82100
558,3080,CSC,05/05/2023,29.90471,30.1505,29.65891,29.65891,73300
559,3081,CSC,05/08/2023,29.74084,31.13367,29.74084,30.72401,83600
560,3082,CSC,05/09/2023,30.72401,30.72401,29.98664,30.31436,30600
561,3083,CSC,05/10/2023,30.39629,32.36263,30.39629,31.95297,254700
562,3084,CSC,05/11/2023,32.36263,33.50965,32.36263,32.44456,119600
563,3085,CSC,05/12/2023,32.69035,32.69035,31.62525,32.36263,74000
564,3086,CSC,05/15/2023,32.52649,33.42773,32.2807,32.2807,127600
565,3087,CSC,05/16/2023,32.0349,32.52649,31.78911,31.95297,131400
566,3088,CSC,05/17/2023,31.95297,33.34579,31.78911,32.0349,127400
567,3089,CSC,05/18/2023,32.0349,32.60842,31.95297,32.36263,45000
568,3090,CSC,05/19/2023,32.19876,32.60842,31.54332,32.0349,96800
569,3091,CSC,05/22/2023,32.52649,32.60842,31.95297,32.36263,66100
570,3092,CSC,05/23/2023,32.60842,32.85421,32.2807,32.44456,79300
571,3093,CSC,05/24/2023,32.93614,34.32896,32.52649,33.1,164300
572,3094,CSC,05/25/2023,34.5,35.2,33.9,34.7,122800
573,3095,CSC,05/26/2023,34.9,35.0,34.3,34.6,46600
574,3096,CSC,05/29/2023,34.9,35.0,34.2,34.6,122100
575,3097,CSC,05/30/2023,34.6,35.1,34.5,34.8,86000
576,3098,CSC,05/31/2023,34.9,36.8,34.7,35.8,103500
577,3099,CSC,06/01/2023,35.3,35.9,34.5,35.6,61300
578,3100,CSC,06/02/2023,35.9,35.9,35.0,35.1,121600
579,3101,CSC,06/05/2023,35.2,35.9,34.3,34.5,95800
580,3102,CSC,06/06/2023,34.6,34.8,34.4,34.6,39000
581,3103,CSC,06/07/2023,34.6,35.4,34.0,35.0,81300
582,3104,CSC,06/08/2023,35.0,35.6,34.3,34.3,87600
583,3105,CSC,06/09/2023,34.0,34.5,33.9,34.0,74400
584,3106,CSC,06/12/2023,34.0,34.9,33.9,34.8,87800
585,3107,CSC,06/13/2023,35.0,35.0,34.3,34.8,55500
586,3108,CSC,06/14/2023,35.0,35.5,34.0,34.7,52600
587,3109,CSC,06/15/2023,34.2,34.9,34.2,34.5,29900
588,3110,CSC,06/16/2023,34.9,35.3,34.0,34.0,92400
589,3111,CSC,06/19/2023,34.0,34.2,32.5,33.4,172500
590,3112,CSC,06/20/2023,34.0,34.0,33.2,33.8,53800
591,3113,CSC,06/21/2023,33.7,34.1,33.7,33.9,36200
592,3114,CSC,06/22/2023,34.0,34.8,34.0,34.6,106900
593,3115,CSC,06/23/2023,34.9,35.0,34.5,34.6,82300
594,3116,CSC,06/26/2023,34.1,34.2,33.0,33.5,156800
595,3117,CSC,06/27/2023,33.5,34.2,33.3,33.9,30300
596,3118,CSC,06/28/2023,30.6,34.0,30.6,33.0,124100
597,3119,CSC,06/29/2023,32.9,32.9,32.0,32.0,116800
598,3120,CSC,06/30/2023,32.0,32.5,31.4,31.4,44500
599,3121,CSC,07/03/2023,32.0,32.0,30.3,30.3,93300
600,3122,CSC,07/04/2023,30.3,32.0,30.3,31.7,39000
601,3123,CSC,07/05/2023,32.0,32.4,30.7,31.2,93500
602,3124,CSC,07/06/2023,31.2,31.5,30.6,31.1,61000
603,3125,CSC,07/07/2023,31.0,31.5,30.6,31.5,38000
604,3126,CSC,07/10/2023,30.9,31.9,30.9,31.6,42000
605,3127,CSC,07/11/2023,31.7,31.9,31.3,31.6,38700
606,3128,CSC,07/12/2023,31.3,31.7,31.1,31.1,35100
607,3129,CSC,07/13/2023,31.4,33.8,31.2,33.7,146100
608,3130,CSC,07/14/2023,33.8,34.2,32.8,33.5,107700
609,3131,CSC,07/17/2023,33.5,34.9,33.5,34.4,163000
610,3132,CSC,07/18/2023,34.4,34.6,33.8,34.0,79800
611,3133,CSC,07/19/2023,34.0,34.3,33.5,33.6,97400
612,3134,CSC,07/20/2023,33.6,34.8,33.4,34.5,109600
613,3135,CSC,07/21/2023,34.5,37.9,34.5,37.9,574800
614,3136,CSC,07/24/2023,37.9,39.9,37.9,38.6,334600
615,3137,CSC,07/25/2023,38.5,38.5,37.1,37.4,332700
616,3138,CSC,07/26/2023,37.4,38.8,37.2,38.3,179700
617,3139,CSC,07/27/2023,38.3,39.4,37.8,38.5,197300
618,3140,CSC,07/28/2023,38.0,39.0,37.7,38.7,187100
619,3141,CSC,07/31/2023,38.7,39.0,37.7,38.1,254300
620,3142,CSC,08/01/2023,38.1,39.9,37.9,38.6,452100
621,3143,CSC,08/02/2023,38.6,39.6,38.5,39.0,124800
622,3144,CSC,08/03/2023,39.0,39.6,38.2,39.0,223400
623,3145,CSC,08/04/2023,39.0,41.4,39.0,41.2,407500
624,3146,CSC,08/07/2023,41.4,42.0,40.4,40.5,131000
625,3147,CSC,08/08/2023,40.5,40.5,38.6,38.6,342300
626,3148,CSC,08/09/2023,38.1,39.0,38.1,38.4,153700
627,3149,CSC,08/10/2023,38.4,38.9,38.1,38.2,169500
628,3150,CSC,08/11/2023,38.2,39.0,38.0,38.9,161100
629,3151,CSC,08/14/2023,39.9,40.5,39.3,39.5,237300
630,3152,CSC,08/15/2023,39.9,40.4,39.3,39.6,101200
631,3153,CSC,08/16/2023,39.6,40.1,38.6,38.8,143200
632,3154,CSC,08/17/2023,39.0,39.0,38.4,38.4,120400
633,3155,CSC,08/18/2023,37.9,38.3,34.6,34.6,586200
634,3156,CSC,08/21/2023,34.0,35.9,34.0,35.3,112100
635,3157,CSC,08/22/2023,35.8,36.0,34.3,35.6,92700
636,3158,CSC,08/23/2023,36.0,36.0,35.3,35.3,41200
637,3159,CSC,08/24/2023,35.3,36.4,35.0,36.1,97300
638,3160,CSC,08/25/2023,36.2,36.5,35.2,35.2,93000
639,3161,CSC,08/28/2023,35.2,35.3,34.2,35.3,176200
640,3162,CSC,08/29/2023,35.3,36.5,35.0,35.0,115900
641,3163,CSC,08/30/2023,35.7,35.8,34.8,35.3,90700
642,3164,CSC,08/31/2023,35.3,35.8,35.2,35.4,109700
643,3165,CSC,09/05/2023,35.3,37.0,35.3,37.0,169900
644,3166,CSC,09/06/2023,37.5,37.5,36.7,37.0,84100
645,3167,CSC,09/07/2023,37.0,38.0,36.9,37.2,189100
646,3168,CSC,09/08/2023,37.1,37.9,36.9,37.7,133600
647,3169,CSC,09/11/2023,37.7,38.2,36.6,36.6,182000
648,3170,CSC,09/12/2023,36.6,37.4,36.3,37.4,79400
649,3171,CSC,09/13/2023,37.6,38.0,36.6,36.6,116100
650,3172,CSC,09/14/2023,37.0,37.0,35.4,35.6,170100
651,3173,CSC,09/15/2023,35.6,36.2,35.3,35.5,54700
652,3174,CSC,09/18/2023,35.5,35.5,34.3,34.7,63800
653,3175,CSC,09/19/2023,34.7,35.0,33.9,34.5,84400
654,3176,CSC,09/20/2023,34.8,35.5,34.3,35.2,84200
655,3177,CSC,09/21/2023,35.2,35.7,35.2,35.3,46100
656,3178,CSC,09/22/2023,35.0,35.0,33.5,33.5,150800
657,3179,CSC,09/25/2023,33.5,33.9,30.5,30.7,114400
658,3180,CSC,09/26/2023,30.7,31.2,29.5,29.5,104200
659,3181,CSC,09/27/2023,29.5,30.9,29.5,30.9,96900
660,3182,CSC,09/28/2023,31.0,31.7,30.5,31.3,53100
661,3183,CSC,09/29/2023,31.4,31.8,31.0,31.0,36500
662,3184,CSC,10/02/2023,31.7,31.7,30.8,30.9,18400
663,3185,CSC,10/03/2023,30.8,31.2,29.1,29.3,109800
664,3186,CSC,10/04/2023,29.3,29.9,29.0,29.6,42700
665,3187,CSC,10/05/2023,29.7,30.7,29.5,29.5,37600
666,3188,CSC,10/06/2023,29.5,30.4,29.5,30.0,26100
667,3189,CSC,10/09/2023,30.0,30.8,30.0,30.7,49800
668,3190,CSC,10/10/2023,31.1,31.2,30.7,30.9,39300
669,3191,CSC,10/11/2023,31.2,31.2,30.0,30.7,29600
670,3192,CSC,10/12/2023,30.9,31.2,30.6,30.6,42200
671,3193,CSC,10/13/2023,30.6,30.9,30.0,30.9,42500
672,3194,CSC,10/16/2023,31.0,31.0,30.3,30.3,33200
673,3195,CSC,10/17/2023,30.3,30.6,30.0,30.0,30700
674,3196,CSC,10/18/2023,30.0,30.0,27.4,27.5,120600
675,3197,CSC,10/19/2023,26.0,29.3,25.0,27.8,33100
676,3198,CSC,10/20/2023,28.7,29.3,27.5,29.2,40100
677,3199,CSC,10/23/2023,29.9,29.9,28.1,28.5,39000
678,3200,CSC,10/24/2023,29.4,29.4,28.0,28.5,25500
679,3201,CSC,10/25/2023,29.0,29.0,28.5,28.5,25600
680,3202,CSC,10/26/2023,28.5,28.5,26.8,27.3,85700
681,3203,CSC,10/27/2023,28.0,28.0,26.8,27.9,58400
682,3204,CSC,10/30/2023,29.6,29.6,27.4,27.5,17000
683,3205,CSC,10/31/2023,28.3,28.3,26.6,26.6,85900
684,3206,CSC,11/01/2023,27.5,27.5,26.5,27.0,31700
685,3207,CSC,11/02/2023,27.5,28.6,27.1,28.4,53600
686,3208,CSC,11/03/2023,28.6,28.6,28.0,28.5,32700
687,3209,CSC,11/06/2023,29.0,29.0,27.8,28.0,36500
688,3210,CSC,11/07/2023,28.6,28.6,27.8,28.1,25200
689,3211,CSC,11/08/2023,28.7,29.6,27.9,29.2,101200
690,3212,CSC,11/09/2023,29.4,30.5,29.4,30.0,146500
691,3213,CSC,11/10/2023,30.4,30.4,29.3,29.8,64600
692,3214,CSC,11/13/2023,30.1,30.1,27.7,28.9,61500
693,3215,CSC,11/14/2023,29.4,29.9,28.5,28.6,67700
694,3216,CSC,11/15/2023,29.1,29.6,28.4,28.8,92000
695,3217,CSC,11/16/2023,28.8,29.0,28.5,29.0,16500
696,3218,CSC,11/17/2023,29.1,29.5,28.0,28.2,112000
697,3219,CSC,11/20/2023,28.0,28.6,27.6,28.5,47200
698,3220,CSC,11/21/2023,28.5,29.0,28.0,28.6,22800
699,3221,CSC,11/22/2023,28.6,29.0,28.4,29.0,61600
700,3222,CSC,11/23/2023,28.8,30.8,28.8,29.4,115300
701,3223,CSC,11/24/2023,29.4,29.4,28.6,28.9,73500
702,3224,CSC,11/27/2023,29.9,29.9,28.0,28.0,63600
703,3225,CSC,11/28/2023,29.3,29.3,27.8,28.2,32900
704,3226,CSC,11/29/2023,28.2,28.8,28.2,28.5,12800
705,3227,CSC,11/30/2023,29.0,29.0,28.2,28.6,23700
706,3228,CSC,12/01/2023,28.7,28.7,28.2,28.6,18300
707,3229,CSC,12/04/2023,28.6,29.9,28.2,29.9,127000
708,3230,CSC,12/05/2023,30.2,30.3,29.7,30.0,79800
709,3231,CSC,12/06/2023,30.0,30.2,29.6,30.2,50000
710,3232,CSC,12/07/2023,30.6,30.8,29.3,30.0,82300
711,3233,CSC,12/08/2023,30.0,30.4,29.5,29.5,24500
712,3234,CSC,12/11/2023,29.6,29.6,29.2,29.2,24300
713,3235,CSC,12/12/2023,29.2,29.9,29.2,29.5,37500
714,3236,CSC,12/13/2023,29.9,29.9,28.6,28.6,40700
715,3237,CSC,12/14/2023,29.2,29.2,28.6,28.9,67200
716,3238,CSC,12/15/2023,29.2,29.2,28.8,28.9,23400
717,3239,CSC,12/18/2023,28.9,29.0,28.2,28.2,36100
718,3240,CSC,12/19/2023,29.0,29.0,28.0,28.8,21500
719,3241,CSC,12/20/2023,28.7,28.7,28.2,28.6,7100
720,3242,CSC,12/21/2023,28.2,28.5,28.2,28.4,18700
721,3243,CSC,12/22/2023,28.6,28.7,28.3,28.7,32600
722,3244,CSC,12/25/2023,25.9,28.6,25.9,28.4,40300
723,3245,CSC,12/26/2023,29.0,29.0,28.4,28.4,67700
724,3246,CSC,12/27/2023,28.4,28.8,28.3,28.4,19900
725,3247,CSC,12/28/2023,28.4,28.6,28.3,28.5,32800
726,3248,CSC,12/29/2023,28.3,28.6,28.3,28.4,14900
727,3249,CSC,01/02/2024,28.9,28.9,28.3,28.4,12900
728,3250,CSC,01/03/2024,28.2,28.7,28.2,28.5,10700
729,3251,CSC,01/04/2024,28.5,28.7,28.3,28.5,25800
730,3252,CSC,01/05/2024,28.6,28.7,28.4,28.4,22700
731,3253,CSC,01/08/2024,28.6,29.5,28.5,29.0,58700
732,3254,CSC,01/09/2024,28.9,29.1,28.7,28.8,25300
733,3255,CSC,01/10/2024,29.0,29.0,28.4,28.6,50700
734,3256,CSC,01/11/2024,29.0,29.3,28.4,28.4,25500
735,3257,CSC,01/12/2024,28.4,28.4,27.9,28.1,52600
736,3258,CSC,01/15/2024,28.2,28.4,28.0,28.0,63200
737,3259,CSC,01/16/2024,28.0,28.2,28.0,28.1,22300
738,3260,CSC,01/17/2024,28.1,28.3,28.0,28.1,27600
739,3261,CSC,01/18/2024,28.1,28.4,28.1,28.2,27700
740,3262,CSC,01/19/2024,28.5,28.5,28.0,28.1,21900
741,3263,CSC,01/22/2024,28.3,28.3,27.8,28.0,20400
742,3264,CSC,01/23/2024,28.1,28.1,27.7,28.1,32900
743,3265,CSC,01/24/2024,28.1,28.2,28.0,28.1,57900
744,3266,CSC,01/25/2024,27.9,28.2,27.9,28.1,19200
745,3267,CSC,01/26/2024,28.1,28.4,28.1,28.2,17700
746,3268,CSC,01/29/2024,28.2,28.5,28.2,28.4,15500
747,3269,CSC,01/30/2024,28.4,28.6,28.2,28.4,73100
748,3270,CSC,01/31/2024,28.5,28.5,28.2,28.3,37700
749,3271,CSC,02/01/2024,28.4,28.4,28.3,28.3,5100
